172,155,158;1f004
161,148,152;1f0cf
224,81,99;1f170
225,88,105;1f171
226,90,107;1f17e
71,127,169;1f17f
229,109,124;1f18e
227,98,114;1f191
85,151,201;1f192
101,160,206;1f193
175,143,216;1f194
96,157,204;1f195
107,164,208;1f196
103,162,207;1f197
226,92,109;1f198
95,157,204;1f199
244,175,83;1f19a
48,50,90;1f1e6-1f1e8
107,62,60;1f1e6-1f1e9
86,73,62;1f1e6-1f1ea
67,63,46;1f1e6-1f1eb
101,41,47;1f1e6-1f1ec
60,59,94;1f1e6-1f1ee
137,18,19;1f1e6-1f1f1
99,50,48;1f1e6-1f1f2
88,26,20;1f1e6-1f1f4
68,98,143;1f1e6-1f1f6
114,134,154;1f1e6-1f1f7
79,74,102;1f1e6-1f1f8
169,83,90;1f1e6-1f1f9
43,46,93;1f1e6-1f1fa
69,106,133;1f1e6-1f1fc
74,67,73;1f1e6-1f1fd
62,76,83;1f1e6-1f1ff
92,155,203;1f1e6
72,67,80;1f1e7-1f1e6
54,60,68;1f1e7-1f1e7
29,67,53;1f1e7-1f1e9
122,68,27;1f1e7-1f1ea
87,73,41;1f1e7-1f1eb
110,101,87;1f1e7-1f1ec
153,59,69;1f1e7-1f1ed
107,100,73;1f1e7-1f1ee
105,86,37;1f1e7-1f1ef
157,152,145;1f1e7-1f1f1
139,46,55;1f1e7-1f1f2
147,124,42;1f1e7-1f1f3
111,92,21;1f1e7-1f1f4
78,88,111;1f1e7-1f1f6
44,114,41;1f1e7-1f1f7
40,103,91;1f1e7-1f1f8
181,124,55;1f1e7-1f1f9
137,53,63;1f1e7-1f1fb
86,112,136;1f1e7-1f1fc
122,65,57;1f1e7-1f1fe
66,73,92;1f1e7-1f1ff
98,159,205;1f1e7
157,78,71;1f1e8-1f1e6
22,99,0;1f1e8-1f1e8
55,82,125;1f1e8-1f1e9
106,98,65;1f1e8-1f1eb
106,91,39;1f1e8-1f1ec
111,38,36;1f1e8-1f1ed
115,124,79;1f1e8-1f1ee
43,46,94;1f1e8-1f1f0
136,80,89;1f1e8-1f1f1
119,96,38;1f1e8-1f1f2
159,33,11;1f1e8-1f1f3
129,92,41;1f1e8-1f1f4
113,75,105;1f1e8-1f1f5
109,73,95;1f1e8-1f1f7
84,67,104;1f1e8-1f1fa
46,60,102;1f1e8-1f1fb
30,54,80;1f1e8-1f1fc
24,69,84;1f1e8-1f1fd
168,164,158;1f1e8-1f1fe
124,81,93;1f1e8-1f1ff
87,152,202;1f1e8
119,57,14;1f1e9-1f1ea
102,95,113;1f1e9-1f1ec
74,133,112;1f1e9-1f1ef
148,49,68;1f1e9-1f1f0
46,81,50;1f1e9-1f1f2
107,75,91;1f1e9-1f1f4
93,111,99;1f1e9-1f1ff
97,158,205;1f1e9
157,64,17;1f1ea-1f1e6
131,92,38;1f1ea-1f1e8
74,92,110;1f1ea-1f1ea
113,71,71;1f1ea-1f1ec
69,70,59;1f1ea-1f1ed
104,68,59;1f1ea-1f1f7
157,64,17;1f1ea-1f1f8
91,81,42;1f1ea-1f1f9
7,40,104;1f1ea-1f1fa
88,153,202;1f1ea
103,118,138;1f1eb-1f1ee
96,115,133;1f1eb-1f1ef
53,54,96;1f1eb-1f1f0
87,129,158;1f1eb-1f1f2
140,118,131;1f1eb-1f1f4
113,75,105;1f1eb-1f1f7
83,149,200;1f1eb
70,113,76;1f1ec-1f1e6
134,79,94;1f1ec-1f1e7
118,77,34;1f1ec-1f1e9
168,111,118;1f1ec-1f1ea
94,124,20;1f1ec-1f1eb
169,125,118;1f1ec-1f1ec
110,83,31;1f1ec-1f1ed
157,96,89;1f1ec-1f1ee
158,89,103;1f1ec-1f1f1
86,62,68;1f1ec-1f1f2
109,89,36;1f1ec-1f1f3
43,50,35;1f1ec-1f1f5
102,97,75;1f1ec-1f1f6
72,107,143;1f1ec-1f1f7
46,46,88;1f1ec-1f1f8
87,125,149;1f1ec-1f1f9
32,39,84;1f1ec-1f1fa
109,81,30;1f1ec-1f1fc
76,99,49;1f1ec-1f1fe
98,159,205;1f1ec
162,56,41;1f1ed-1f1f0
43,46,93;1f1ed-1f1f2
51,93,132;1f1ed-1f1f3
110,73,101;1f1ed-1f1f7
82,35,79;1f1ed-1f1f9
119,90,86;1f1ed-1f1fa
97,158,205;1f1ed
123,130,95;1f1ee-1f1e8
163,95,98;1f1ee-1f1e9
122,126,95;1f1ee-1f1ea
114,127,157;1f1ee-1f1f1
150,31,41;1f1ee-1f1f2
119,123,76;1f1ee-1f1f3
102,95,113;1f1ee-1f1f4
109,75,78;1f1ee-1f1f6
123,100,81;1f1ee-1f1f7
58,60,103;1f1ee-1f1f8
105,101,86;1f1ee-1f1f9
74,144,197;1f1ee
163,125,131;1f1ef-1f1ea
68,92,18;1f1ef-1f1f2
75,67,59;1f1ef-1f1f4
169,144,146;1f1ef-1f1f5
78,146,199;1f1ef
61,47,21;1f1f0-1f1ea
168,36,36;1f1f0-1f1ec
97,48,84;1f1f0-1f1ed
110,61,80;1f1f0-1f1ee
115,105,81;1f1f0-1f1f2
72,61,34;1f1f0-1f1f3
120,55,77;1f1f0-1f1f5
142,137,142;1f1f0-1f1f7
88,75,67;1f1f0-1f1fc
47,48,88;1f1f0-1f1fe
23,127,132;1f1f0-1f1ff
93,156,203;1f1f0
94,33,58;1f1f1-1f1e6
159,73,72;1f1f1-1f1e7
84,139,154;1f1f1-1f1e8
83,31,54;1f1f1-1f1ee
124,64,18;1f1f1-1f1f0
131,75,94;1f1f1-1f1f7
61,101,111;1f1f1-1f1f8
109,78,30;1f1f1-1f1f9
111,102,121;1f1f1-1f1fa
125,65,70;1f1f1-1f1fb
60,40,26;1f1f1-1f1fe
78,147,199;1f1f1
133,29,32;1f1f2-1f1e6
158,90,98;1f1f2-1f1e8
116,76,77;1f1f2-1f1e9
161,55,50;1f1f2-1f1ea
113,75,105;1f1f2-1f1eb
118,103,85;1f1f2-1f1ec
48,69,104;1f1f2-1f1ed
160,55,0;1f1f2-1f1f0
114,97,27;1f1f2-1f1f1
136,112,46;1f1f2-1f1f2
96,50,55;1f1f2-1f1f3
27,99,82;1f1f2-1f1f4
46,78,128;1f1f2-1f1f5
82,97,130;1f1f2-1f1f6
62,62,37;1f1f2-1f1f7
45,47,91;1f1f2-1f1f8
157,89,97;1f1f2-1f1f9
91,80,43;1f1f2-1f1fa
98,41,41;1f1f2-1f1fb
97,56,43;1f1f2-1f1fc
105,86,79;1f1f2-1f1fd
130,80,96;1f1f2-1f1fe
93,85,42;1f1f2-1f1ff
111,166,209;1f1f2
49,74,68;1f1f3-1f1e6
74,83,51;1f1f3-1f1e8
117,115,67;1f1f3-1f1ea
47,109,74;1f1f3-1f1eb
57,130,91;1f1f3-1f1ec
80,105,142;1f1f3-1f1ee
103,77,96;1f1f3-1f1f1
137,54,63;1f1f3-1f1f4
39,16,25;1f1f3-1f1f5
19,43,87;1f1f3-1f1f7
167,141,67;1f1f3-1f1fa
38,41,90;1f1f3-1f1ff
99,159,205;1f1f3
123,70,51;1f1f4-1f1f2
98,158,205;1f1f4
119,98,117;1f1f5-1f1e6
159,64,73;1f1f5-1f1ea
153,78,85;1f1f5-1f1eb
87,29,23;1f1f5-1f1ec
99,62,86;1f1f5-1f1ed
56,89,56;1f1f5-1f1f0
163,91,106;1f1f5-1f1f1
80,112,107;1f1f5-1f1f2
42,48,87;1f1f5-1f1f3
131,68,98;1f1f5-1f1f7
76,64,56;1f1f5-1f1f8
103,60,24;1f1f5-1f1f9
81,131,118;1f1f5-1f1fc
108,84,105;1f1f5-1f1fe
90,154,202;1f1f5
127,77,92;1f1f6-1f1e6
103,161,206;1f1f6
95,71,107;1f1f7-1f1ea
109,64,44;1f1f7-1f1f4
116,89,97;1f1f7-1f1f8
106,76,99;1f1f7-1f1fa
56,116,90;1f1f7-1f1fc
96,157,204;1f1f7
20,88,54;1f1f8-1f1e6
36,75,78;1f1f8-1f1e7
109,86,71;1f1f8-1f1e8
80,62,56;1f1f8-1f1e9
55,97,82;1f1f8-1f1ea
169,106,111;1f1f8-1f1ec
47,49,90;1f1f8-1f1ed
101,81,101;1f1f8-1f1ee
137,54,63;1f1f8-1f1ef
123,84,102;1f1f8-1f1f0
60,125,115;1f1f8-1f1f1
119,146,154;1f1f8-1f1f2
110,93,38;1f1f8-1f1f3
53,102,158;1f1f8-1f1f4
105,81,68;1f1f8-1f1f7
57,61,60;1f1f8-1f1f8
75,106,24;1f1f8-1f1f9
69,94,136;1f1f8-1f1fb
99,54,78;1f1f8-1f1fd
111,72,75;1f1f8-1f1fe
93,58,68;1f1f8-1f1ff
90,154,203;1f1f8
51,53,94;1f1f9-1f1e6
51,50,85;1f1f9-1f1e8
107,60,34;1f1f9-1f1e9
43,50,112;1f1f9-1f1eb
99,87,37;1f1f9-1f1ec
113,66,82;1f1f9-1f1ed
107,81,55;1f1f9-1f1ef
45,57,69;1f1f9-1f1f0
132,40,25;1f1f9-1f1f1
53,116,71;1f1f9-1f1f2
166,18,30;1f1f9-1f1f3
142,26,26;1f1f9-1f1f4
162,20,29;1f1f9-1f1f7
120,28,38;1f1f9-1f1f9
90,101,109;1f1f9-1f1fb
145,7,28;1f1f9-1f1fc
35,92,64;1f1f9-1f1ff
80,148,200;1f1f9
90,108,66;1f1fa-1f1e6
117,61,12;1f1fa-1f1ec
124,85,98;1f1fa-1f1f2
70,114,159;1f1fa-1f1f3
124,85,98;1f1fa-1f1f8
82,98,133;1f1fa-1f1fe
73,121,102;1f1fa-1f1ff
94,156,204;1f1fa
123,113,54;1f1fb-1f1e6
79,120,63;1f1fb-1f1e8
103,61,45;1f1fb-1f1ea
54,55,86;1f1fb-1f1ec
155,151,137;1f1fb-1f1ee
157,38,19;1f1fb-1f1f3
74,60,30;1f1fb-1f1fa
87,152,202;1f1fb
157,51,66;1f1fc-1f1eb
111,19,45;1f1fc-1f1f8
111,166,209;1f1fc
42,62,112;1f1fd-1f1f0
91,154,203;1f1fd
108,61,67;1f1fe-1f1ea
157,151,153;1f1fe-1f1f9
84,150,201;1f1fe
68,72,72;1f1ff-1f1e6
48,83,2;1f1ff-1f1f2
124,98,32;1f1ff-1f1fc
89,153,202;1f1ff
83,149,200;1f201
58,117,162;1f202
243,164,59;1f21a
143,190,116;1f22f
225,85,103;1f232
69,125,167;1f233
223,75,93;1f234
225,87,104;1f235
243,161,52;1f236
243,158,46;1f237
243,159,48;1f238
225,86,103;1f239
243,163,56;1f23a
80,16,24;1f250
194,129,42;1f251
41,83,115;1f300
203,197,201;1f301
42,31,59;1f302
56,80,95;1f303
187,173,75;1f304
168,163,119;1f305
122,93,49;1f306
168,140,78;1f307
105,71,47;1f308
82,80,91;1f309
46,96,134;1f30a
85,73,63;1f30b
95,71,136;1f30c
94,141,138;1f30d
96,144,147;1f30e
93,141,136;1f30f
25,59,85;1f310
79,91,99;1f311
104,107,99;1f312
140,130,98;1f313
175,153,96;1f314
202,170,97;1f315
175,153,96;1f316
140,130,98;1f317
104,107,99;1f318
70,59,34;1f319
74,85,93;1f31a
80,68,39;1f31b
80,68,39;1f31c
184,156,92;1f31d
159,112,30;1f31e
122,86,31;1f31f
117,135,127;1f320
65,48,52;1f321
131,109,75;1f324
112,106,95;1f325
118,117,110;1f326
101,111,118;1f327
101,111,119;1f328
111,106,98;1f329
70,78,83;1f32a
218,225,230;1f32b
75,81,86;1f32c
116,71,57;1f32d
131,94,39;1f32e
114,101,75;1f32f
130,67,47;1f330
28,42,20;1f331
36,55,19;1f332
53,81,31;1f333
42,48,23;1f334
63,95,44;1f335
71,25,26;1f336
87,71,61;1f337
145,99,102;1f338
55,14,14;1f339
156,108,104;1f33a
102,76,20;1f33b
95,97,82;1f33c
99,97,33;1f33d
40,46,20;1f33e
46,57,32;1f33f
68,102,48;1f340
101,21,31;1f341
115,75,60;1f342
73,101,66;1f343
141,77,89;1f344
149,39,48;1f345
52,38,73;1f346
86,62,120;1f347
92,122,73;1f348
77,39,33;1f349
164,100,11;1f34a
159,138,54;1f34b
102,88,55;1f34c
72,66,25;1f34d
130,33,41;1f34e
71,105,49;1f34f
74,92,59;1f350
174,102,76;1f351
74,30,25;1f352
108,33,37;1f353
160,113,85;1f354
102,57,25;1f355
91,56,39;1f356
79,48,34;1f357
109,64,52;1f358
122,123,124;1f359
143,102,109;1f35a
117,105,87;1f35b
149,120,92;1f35c
132,107,89;1f35d
173,140,112;1f35e
150,58,37;1f35f
110,55,43;1f360
73,65,53;1f361
63,58,56;1f362
123,67,71;1f363
154,98,40;1f364
157,148,160;1f365
100,84,50;1f366
119,111,134;1f367
80,87,98;1f368
106,67,40;1f369
147,105,86;1f36a
107,56,58;1f36b
99,40,47;1f36c
122,65,29;1f36d
110,91,70;1f36e
133,91,30;1f36f
156,139,121;1f370
127,83,75;1f371
77,75,53;1f372
78,79,77;1f373
56,62,66;1f374
116,139,110;1f375
63,92,113;1f376
62,49,54;1f377
51,54,55;1f378
87,81,54;1f379
192,154,81;1f37a
160,124,68;1f37b
96,103,105;1f37c
176,185,191;1f37d
55,56,41;1f37e
143,107,95;1f37f
138,29,43;1f380
183,118,83;1f381
163,100,103;1f382
158,90,11;1f383
42,47,19;1f384
180,133,134;1f385-1f3fb
179,130,124;1f385-1f3fc
172,121,118;1f385-1f3fd
163,111,107;1f385-1f3fe
150,100,101;1f385-1f3ff
182,133,108;1f385
103,141,150;1f386
100,140,153;1f387
50,11,13;1f388
97,46,47;1f389
86,51,34;1f38a
47,41,21;1f38b
79,72,75;1f38c
86,104,58;1f38d
98,92,84;1f38e
113,98,109;1f38f
47,58,46;1f390
103,140,136;1f391
137,32,40;1f392
42,41,37;1f393
86,60,50;1f396
88,68,24;1f397
48,55,59;1f399
148,160,169;1f39a
159,166,172;1f39b
85,96,105;1f39e
104,28,39;1f39f
72,65,63;1f3a0
68,67,77;1f3a1
100,92,101;1f3a2
33,45,58;1f3a3
27,38,47;1f3a4
38,42,46;1f3a5
137,182,217;1f3a6
31,48,62;1f3a7
127,94,76;1f3a8
50,47,66;1f3a9
97,69,76;1f3aa
102,108,112;1f3ab
69,90,64;1f3ac
103,109,105;1f3ad
25,28,29;1f3ae
125,109,116;1f3af
100,92,97;1f3b0
63,68,72;1f3b1
121,45,56;1f3b2
66,66,70;1f3b3
122,54,62;1f3b4
42,79,108;1f3b5
31,57,78;1f3b6
86,64,31;1f3b7
61,33,39;1f3b8
120,126,132;1f3b9
79,56,25;1f3ba
70,46,21;1f3bb
51,57,62;1f3bc
82,125,149;1f3bd
117,155,95;1f3be
92,99,113;1f3bf
152,91,13;1f3c0
74,78,82;1f3c1
112,109,121;1f3c2-1f3fb
112,109,121;1f3c2-1f3fc
112,109,121;1f3c2-1f3fd
111,109,120;1f3c2-1f3fe
111,109,120;1f3c2-1f3ff
112,109,120;1f3c2
46,29,30;1f3c3-1f3fb-200d-2640-fe0f
34,38,42;1f3c3-1f3fb-200d-2642-fe0f
50,35,28;1f3c3-1f3fb
54,35,24;1f3c3-1f3fc-200d-2640-fe0f
39,42,37;1f3c3-1f3fc-200d-2642-fe0f
56,38,23;1f3c3-1f3fc
47,24,22;1f3c3-1f3fd-200d-2640-fe0f
33,33,35;1f3c3-1f3fd-200d-2642-fe0f
50,30,21;1f3c3-1f3fd
41,20,17;1f3c3-1f3fe-200d-2640-fe0f
28,29,30;1f3c3-1f3fe-200d-2642-fe0f
44,25,16;1f3c3-1f3fe
32,13,13;1f3c3-1f3ff-200d-2640-fe0f
20,23,26;1f3c3-1f3ff-200d-2642-fe0f
37,20,12;1f3c3-1f3ff
55,34,18;1f3c3-200d-2640-fe0f
40,41,31;1f3c3-200d-2642-fe0f
57,38,17;1f3c3
68,90,98;1f3c4-1f3fb-200d-2640-fe0f
62,85,94;1f3c4-1f3fb-200d-2642-fe0f
63,86,95;1f3c4-1f3fb
74,95,95;1f3c4-1f3fc-200d-2640-fe0f
66,89,92;1f3c4-1f3fc-200d-2642-fe0f
67,89,92;1f3c4-1f3fc
69,87,93;1f3c4-1f3fd-200d-2640-fe0f
63,84,91;1f3c4-1f3fd-200d-2642-fe0f
64,84,92;1f3c4-1f3fd
65,84,90;1f3c4-1f3fe-200d-2640-fe0f
61,82,90;1f3c4-1f3fe-200d-2642-fe0f
61,83,90;1f3c4-1f3fe
59,80,87;1f3c4-1f3ff-200d-2640-fe0f
57,80,88;1f3c4-1f3ff-200d-2642-fe0f
58,80,88;1f3c4-1f3ff
75,94,91;1f3c4-200d-2640-fe0f
67,88,90;1f3c4-200d-2642-fe0f
68,89,90;1f3c4
90,89,71;1f3c5
143,105,40;1f3c6
67,47,34;1f3c7-1f3fb
67,47,33;1f3c7-1f3fc
67,46,33;1f3c7-1f3fd
67,46,33;1f3c7-1f3fe
66,45,32;1f3c7-1f3ff
68,47,33;1f3c7
90,51,43;1f3c8
120,140,155;1f3c9
100,111,133;1f3ca-1f3fb-200d-2640-fe0f
97,123,144;1f3ca-1f3fb-200d-2642-fe0f
101,114,129;1f3ca-1f3fb
99,108,123;1f3ca-1f3fc-200d-2640-fe0f
96,120,133;1f3ca-1f3fc-200d-2642-fe0f
100,111,120;1f3ca-1f3fc
93,100,118;1f3ca-1f3fd-200d-2640-fe0f
88,110,126;1f3ca-1f3fd-200d-2642-fe0f
94,104,115;1f3ca-1f3fd
85,91,107;1f3ca-1f3fe-200d-2640-fe0f
78,98,113;1f3ca-1f3fe-200d-2642-fe0f
86,95,105;1f3ca-1f3fe
74,81,102;1f3ca-1f3ff-200d-2640-fe0f
64,87,106;1f3ca-1f3ff-200d-2642-fe0f
76,86,100;1f3ca-1f3ff
102,110,109;1f3ca-200d-2640-fe0f
99,123,115;1f3ca-200d-2642-fe0f
102,113,107;1f3ca
54,33,34;1f3cb-1f3fb-200d-2640-fe0f
38,43,48;1f3cb-1f3fb-200d-2642-fe0f
58,40,33;1f3cb-1f3fb
63,39,29;1f3cb-1f3fc-200d-2640-fe0f
44,47,43;1f3cb-1f3fc-200d-2642-fe0f
63,44,28;1f3cb-1f3fc
55,28,27;1f3cb-1f3fd-200d-2640-fe0f
38,38,40;1f3cb-1f3fd-200d-2642-fe0f
57,36,26;1f3cb-1f3fd
50,24,22;1f3cb-1f3fe-200d-2640-fe0f
33,34,36;1f3cb-1f3fe-200d-2642-fe0f
52,31,21;1f3cb-1f3fe
41,18,18;1f3cb-1f3ff-200d-2640-fe0f
25,28,32;1f3cb-1f3ff-200d-2642-fe0f
45,25,17;1f3cb-1f3ff
64,38,23;1f3cb-fe0f-200d-2640-fe0f
46,46,37;1f3cb-fe0f-200d-2642-fe0f
64,43,22;1f3cb
51,35,43;1f3cc-1f3fb-200d-2640-fe0f
34,47,47;1f3cc-1f3fb-200d-2642-fe0f
53,43,39;1f3cc-1f3fb
52,36,40;1f3cc-1f3fc-200d-2640-fe0f
33,46,46;1f3cc-1f3fc-200d-2642-fe0f
54,43,37;1f3cc-1f3fc
49,32,38;1f3cc-1f3fd-200d-2640-fe0f
32,45,45;1f3cc-1f3fd-200d-2642-fe0f
52,40,35;1f3cc-1f3fd
46,28,35;1f3cc-1f3fe-200d-2640-fe0f
31,43,43;1f3cc-1f3fe-200d-2642-fe0f
49,37,32;1f3cc-1f3fe
41,25,32;1f3cc-1f3ff-200d-2640-fe0f
29,42,42;1f3cc-1f3ff-200d-2642-fe0f
45,34,30;1f3cc-1f3ff
54,36,35;1f3cc-fe0f-200d-2640-fe0f
34,47,43;1f3cc-fe0f-200d-2642-fe0f
55,44,32;1f3cc
39,50,38;1f3cd
69,59,41;1f3ce
76,48,41;1f3cf
159,164,168;1f3d0
69,32,22;1f3d1
35,26,13;1f3d2
116,39,43;1f3d3
51,60,55;1f3d4
100,97,46;1f3d5
91,68,61;1f3d6
57,17,21;1f3d7
114,106,84;1f3d8
95,121,136;1f3d9
97,71,61;1f3da
118,125,130;1f3db
110,108,59;1f3dc
74,73,47;1f3dd
98,145,143;1f3de
101,103,112;1f3df
112,108,87;1f3e0
126,131,96;1f3e1
144,150,149;1f3e2
126,138,153;1f3e3
144,72,71;1f3e4
126,152,174;1f3e5
129,138,144;1f3e6
95,156,202;1f3e7
168,166,141;1f3e8
181,143,169;1f3e9
119,98,116;1f3ea
160,159,136;1f3eb
147,168,176;1f3ec
117,46,57;1f3ed
143,30,45;1f3ee
106,100,98;1f3ef
99,115,127;1f3f0
114,62,47;1f3f3-fe0f-200d-1f308
130,140,157;1f3f3-fe0f-200d-26a7-fe0f
112,116,120;1f3f3
63,67,70;1f3f4-200d-2620-fe0f
161,112,117;1f3f4-e0067-e0062-e0065-e006e-e0067-e007f
71,113,149;1f3f4-e0067-e0062-e0073-e0063-e0074-e007f
123,105,73;1f3f4-e0067-e0062-e0077-e006c-e0073-e007f
34,38,42;1f3f4
180,116,32;1f3f5
122,102,63;1f3f7
36,46,55;1f3f8
55,36,33;1f3f9
62,38,31;1f3fa
170,153,142;1f3fb
167,144,111;1f3fc
146,117,93;1f3fd
120,86,59;1f3fe
85,57,42;1f3ff
54,51,56;1f400
74,68,71;1f401
95,54,41;1f402
28,32,35;1f403
52,55,58;1f404
85,58,19;1f405
91,69,23;1f406
86,91,97;1f407
19,22,24;1f408-200d-2b1b
107,83,32;1f408
57,87,39;1f409
32,50,21;1f40a
30,67,95;1f40b
123,92,69;1f40c
63,92,44;1f40d
59,33,26;1f40e
116,116,107;1f40f
92,95,96;1f410
137,135,125;1f411
106,62,49;1f412
115,106,105;1f413
95,82,76;1f414
77,48,42;1f415-200d-1f9ba
93,65,54;1f415
116,81,88;1f416
136,75,59;1f417
110,123,131;1f418
92,64,129;1f419
109,116,121;1f41a
47,33,67;1f41b
20,22,25;1f41c
69,68,61;1f41d
81,29,37;1f41e
37,78,109;1f41f
139,106,37;1f420
91,58,46;1f421
30,49,19;1f422
151,131,80;1f423
108,84,30;1f424
129,101,37;1f425
100,26,29;1f426
104,101,93;1f427
73,82,87;1f428
64,71,76;1f429
82,45,34;1f42a
89,48,36;1f42b
33,72,109;1f42c
106,104,111;1f42d
175,152,152;1f42e
162,138,87;1f42f
87,86,92;1f430
165,130,54;1f431
61,92,43;1f432
36,80,114;1f433
121,69,53;1f434
125,82,67;1f435
116,77,65;1f436
188,116,128;1f437
107,141,88;1f438
190,139,85;1f439
81,88,93;1f43a
141,145,149;1f43b-200d-2744-fe0f
150,89,71;1f43b
148,149,150;1f43c
99,68,67;1f43d
24,7,4;1f43e
100,67,41;1f43f
126,130,132;1f440
58,61,64;1f441-200d-1f5e8
74,70,67;1f441
129,113,103;1f442-1f3fb
126,106,82;1f442-1f3fc
110,88,68;1f442-1f3fd
90,64,43;1f442-1f3fe
62,41,30;1f442-1f3ff
134,110,47;1f442
105,93,85;1f443-1f3fb
103,88,67;1f443-1f3fc
90,72,56;1f443-1f3fd
74,53,36;1f443-1f3fe
51,34,25;1f443-1f3ff
109,92,39;1f443
88,41,46;1f444
89,32,38;1f445
100,90,83;1f446-1f3fb
98,85,65;1f446-1f3fc
86,69,55;1f446-1f3fd
71,51,35;1f446-1f3fe
50,33,25;1f446-1f3ff
103,89,37;1f446
100,90,83;1f447-1f3fb
98,85,65;1f447-1f3fc
86,69,55;1f447-1f3fd
71,51,35;1f447-1f3fe
50,33,25;1f447-1f3ff
103,89,37;1f447
100,90,83;1f448-1f3fb
98,85,65;1f448-1f3fc
86,69,55;1f448-1f3fd
71,51,35;1f448-1f3fe
50,33,25;1f448-1f3ff
103,89,37;1f448
100,90,83;1f449-1f3fb
98,85,65;1f449-1f3fc
86,69,55;1f449-1f3fd
71,51,35;1f449-1f3fe
50,33,25;1f449-1f3ff
103,89,37;1f449
136,118,108;1f44a-1f3fb
132,112,85;1f44a-1f3fc
116,92,71;1f44a-1f3fd
94,67,45;1f44a-1f3fe
65,43,32;1f44a-1f3ff
141,115,49;1f44a
141,134,131;1f44b-1f3fb
138,127,108;1f44b-1f3fc
122,107,94;1f44b-1f3fd
102,83,68;1f44b-1f3fe
74,59,54;1f44b-1f3ff
146,132,71;1f44b
95,84,78;1f44c-1f3fb
93,80,61;1f44c-1f3fc
81,65,51;1f44c-1f3fd
67,48,33;1f44c-1f3fe
47,31,23;1f44c-1f3ff
98,83,35;1f44c
142,124,114;1f44d-1f3fb
139,117,90;1f44d-1f3fc
121,97,75;1f44d-1f3fd
99,71,48;1f44d-1f3fe
69,46,34;1f44d-1f3ff
148,121,52;1f44d
142,124,114;1f44e-1f3fb
139,117,90;1f44e-1f3fc
121,97,75;1f44e-1f3fd
99,71,48;1f44e-1f3fe
69,46,34;1f44e-1f3ff
148,121,52;1f44e
168,141,127;1f44f-1f3fb
164,134,101;1f44f-1f3fc
145,111,85;1f44f-1f3fd
121,82,55;1f44f-1f3fe
88,55,40;1f44f-1f3ff
174,137,60;1f44f
99,87,80;1f450-1f3fb
97,82,63;1f450-1f3fc
85,67,53;1f450-1f3fd
69,49,34;1f450-1f3fe
48,32,24;1f450-1f3ff
102,86,36;1f450
160,119,49;1f451
89,75,55;1f452
19,33,43;1f453
135,146,189;1f454
41,95,136;1f455
27,63,91;1f456
44,88,121;1f457
57,102,137;1f458
24,16,35;1f459
83,67,108;1f45a
184,76,92;1f45b
116,84,137;1f45c
85,105,67;1f45d
51,28,22;1f45e
87,42,50;1f45f
58,16,22;1f460
58,27,24;1f461
99,52,39;1f462
42,13,7;1f463
19,57,85;1f464
33,77,111;1f465
114,102,96;1f466-1f3fb
166,143,74;1f466-1f3fc
128,85,64;1f466-1f3fd
98,66,46;1f466-1f3fe
53,34,25;1f466-1f3ff
171,133,52;1f466
106,95,90;1f467-1f3fb
169,145,68;1f467-1f3fc
127,80,60;1f467-1f3fd
97,62,45;1f467-1f3fe
51,31,23;1f467-1f3ff
173,131,50;1f467
94,85,71;1f468-1f3fb-200d-1f33e
133,125,123;1f468-1f3fb-200d-1f373
60,69,71;1f468-1f3fb-200d-1f37c
180,133,134;1f468-1f3fb-200d-1f384
67,64,56;1f468-1f3fb-200d-1f393
87,95,107;1f468-1f3fb-200d-1f3a4
96,88,76;1f468-1f3fb-200d-1f3a8
138,137,113;1f468-1f3fb-200d-1f3eb
66,87,102;1f468-1f3fb-200d-1f3ed
97,100,93;1f468-1f3fb-200d-1f4bb
146,150,153;1f468-1f3fb-200d-1f4bc
79,89,98;1f468-1f3fb-200d-1f527
109,105,110;1f468-1f3fb-200d-1f52c
99,88,81;1f468-1f3fb-200d-1f680
114,69,61;1f468-1f3fb-200d-1f692
82,86,70;1f468-1f3fb-200d-1f91d-200d-1f468-1f3fc
74,74,68;1f468-1f3fb-200d-1f91d-200d-1f468-1f3fd
68,71,65;1f468-1f3fb-200d-1f91d-200d-1f468-1f3fe
59,65,61;1f468-1f3fb-200d-1f91d-200d-1f468-1f3ff
23,30,29;1f468-1f3fb-200d-1f9af
135,96,78;1f468-1f3fb-200d-1f9b0
88,79,75;1f468-1f3fb-200d-1f9b1
113,99,91;1f468-1f3fb-200d-1f9b2
134,124,118;1f468-1f3fb-200d-1f9b3
43,37,40;1f468-1f3fb-200d-1f9bc
37,38,39;1f468-1f3fb-200d-1f9bd
68,72,77;1f468-1f3fb-200d-2695-fe0f
75,68,66;1f468-1f3fb-200d-2696-fe0f
98,93,86;1f468-1f3fb-200d-2708-fe0f
101,93,88;1f468-1f3fb
94,84,65;1f468-1f3fc-200d-1f33e
134,124,116;1f468-1f3fc-200d-1f373
74,80,64;1f468-1f3fc-200d-1f37c
179,130,124;1f468-1f3fc-200d-1f384
73,67,48;1f468-1f3fc-200d-1f393
86,93,101;1f468-1f3fc-200d-1f3a4
107,96,67;1f468-1f3fc-200d-1f3a8
162,156,104;1f468-1f3fc-200d-1f3eb
66,86,97;1f468-1f3fc-200d-1f3ed
119,117,84;1f468-1f3fc-200d-1f4bb
167,166,143;1f468-1f3fc-200d-1f4bc
80,89,90;1f468-1f3fc-200d-1f527
129,121,102;1f468-1f3fc-200d-1f52c
120,104,72;1f468-1f3fc-200d-1f680
115,69,55;1f468-1f3fc-200d-1f692
82,86,70;1f468-1f3fc-200d-1f91d-200d-1f468-1f3fb
85,83,64;1f468-1f3fc-200d-1f91d-200d-1f468-1f3fd
79,79,61;1f468-1f3fc-200d-1f91d-200d-1f468-1f3fe
70,73,57;1f468-1f3fc-200d-1f91d-200d-1f468-1f3ff
27,34,27;1f468-1f3fc-200d-1f9af
134,92,64;1f468-1f3fc-200d-1f9b0
148,128,57;1f468-1f3fc-200d-1f9b1
111,94,72;1f468-1f3fc-200d-1f9b2
132,119,104;1f468-1f3fc-200d-1f9b3
46,40,38;1f468-1f3fc-200d-1f9bc
41,41,37;1f468-1f3fc-200d-1f9bd
88,88,67;1f468-1f3fc-200d-2695-fe0f
74,66,58;1f468-1f3fc-200d-2696-fe0f
102,94,78;1f468-1f3fc-200d-2708-fe0f
159,139,66;1f468-1f3fc
89,77,61;1f468-1f3fd-200d-1f33e
129,117,111;1f468-1f3fd-200d-1f373
63,64,61;1f468-1f3fd-200d-1f37c
172,121,118;1f468-1f3fd-200d-1f384
65,56,44;1f468-1f3fd-200d-1f393
82,88,97;1f468-1f3fd-200d-1f3a4
96,80,63;1f468-1f3fd-200d-1f3a8
145,130,100;1f468-1f3fd-200d-1f3eb
62,81,94;1f468-1f3fd-200d-1f3ed
103,93,81;1f468-1f3fd-200d-1f4bb
151,143,140;1f468-1f3fd-200d-1f4bc
74,80,86;1f468-1f3fd-200d-1f527
115,99,99;1f468-1f3fd-200d-1f52c
104,80,67;1f468-1f3fd-200d-1f680
109,62,51;1f468-1f3fd-200d-1f692
74,75,68;1f468-1f3fd-200d-1f91d-200d-1f468-1f3fb
85,83,64;1f468-1f3fd-200d-1f91d-200d-1f468-1f3fc
71,68,59;1f468-1f3fd-200d-1f91d-200d-1f468-1f3fe
63,62,55;1f468-1f3fd-200d-1f91d-200d-1f468-1f3ff
24,29,26;1f468-1f3fd-200d-1f9af
124,79,55;1f468-1f3fd-200d-1f9b0
110,68,50;1f468-1f3fd-200d-1f9b1
98,77,61;1f468-1f3fd-200d-1f9b2
122,107,95;1f468-1f3fd-200d-1f9b3
43,36,37;1f468-1f3fd-200d-1f9bc
38,37,36;1f468-1f3fd-200d-1f9bd
72,64,63;1f468-1f3fd-200d-2695-fe0f
69,59,54;1f468-1f3fd-200d-2696-fe0f
95,84,74;1f468-1f3fd-200d-2708-fe0f
119,78,58;1f468-1f3fd
82,70,53;1f468-1f3fe-200d-1f33e
121,109,104;1f468-1f3fe-200d-1f373
54,57,55;1f468-1f3fe-200d-1f37c
163,111,107;1f468-1f3fe-200d-1f384
56,48,36;1f468-1f3fe-200d-1f393
76,81,90;1f468-1f3fe-200d-1f3a4
86,72,55;1f468-1f3fe-200d-1f3a8
132,122,93;1f468-1f3fe-200d-1f3eb
57,75,88;1f468-1f3fe-200d-1f3ed
91,85,74;1f468-1f3fe-200d-1f4bb
138,134,132;1f468-1f3fe-200d-1f4bc
66,72,77;1f468-1f3fe-200d-1f527
104,93,93;1f468-1f3fe-200d-1f52c
92,72,60;1f468-1f3fe-200d-1f680
102,55,43;1f468-1f3fe-200d-1f692
68,71,65;1f468-1f3fe-200d-1f91d-200d-1f468-1f3fb
79,80,61;1f468-1f3fe-200d-1f91d-200d-1f468-1f3fc
71,68,59;1f468-1f3fe-200d-1f91d-200d-1f468-1f3fd
57,58,52;1f468-1f3fe-200d-1f91d-200d-1f468-1f3ff
22,27,25;1f468-1f3fe-200d-1f9af
110,64,38;1f468-1f3fe-200d-1f9b0
82,54,38;1f468-1f3fe-200d-1f9b1
80,57,39;1f468-1f3fe-200d-1f9b2
108,91,78;1f468-1f3fe-200d-1f9b3
41,35,36;1f468-1f3fe-200d-1f9bc
36,35,35;1f468-1f3fe-200d-1f9bd
59,55,54;1f468-1f3fe-200d-2695-fe0f
62,51,45;1f468-1f3fe-200d-2696-fe0f
87,76,66;1f468-1f3fe-200d-2708-fe0f
90,60,43;1f468-1f3fe
72,62,48;1f468-1f3ff-200d-1f33e
111,101,99;1f468-1f3ff-200d-1f373
41,48,48;1f468-1f3ff-200d-1f37c
150,100,101;1f468-1f3ff-200d-1f384
43,39,30;1f468-1f3ff-200d-1f393
67,74,86;1f468-1f3ff-200d-1f3a4
72,61,48;1f468-1f3ff-200d-1f3a8
113,109,83;1f468-1f3ff-200d-1f3eb
49,69,85;1f468-1f3ff-200d-1f3ed
72,72,65;1f468-1f3ff-200d-1f4bb
119,121,123;1f468-1f3ff-200d-1f4bc
54,63,71;1f468-1f3ff-200d-1f527
87,81,86;1f468-1f3ff-200d-1f52c
72,58,50;1f468-1f3ff-200d-1f680
92,47,38;1f468-1f3ff-200d-1f692
60,65,61;1f468-1f3ff-200d-1f91d-200d-1f468-1f3fb
71,74,57;1f468-1f3ff-200d-1f91d-200d-1f468-1f3fc
63,62,55;1f468-1f3ff-200d-1f91d-200d-1f468-1f3fd
57,58,52;1f468-1f3ff-200d-1f91d-200d-1f468-1f3fe
18,25,23;1f468-1f3ff-200d-1f9af
90,48,29;1f468-1f3ff-200d-1f9b0
40,25,18;1f468-1f3ff-200d-1f9b1
55,37,27;1f468-1f3ff-200d-1f9b2
88,76,69;1f468-1f3ff-200d-1f9b3
38,32,34;1f468-1f3ff-200d-1f9bc
33,33,33;1f468-1f3ff-200d-1f9bd
39,41,45;1f468-1f3ff-200d-2695-fe0f
52,43,40;1f468-1f3ff-200d-2696-fe0f
74,67,60;1f468-1f3ff-200d-2708-fe0f
47,30,22;1f468-1f3ff
96,85,54;1f468-200d-1f33e
136,125,105;1f468-200d-1f373
76,78,56;1f468-200d-1f37c
182,133,108;1f468-200d-1f384
75,67,37;1f468-200d-1f393
88,95,91;1f468-200d-1f3a4
109,94,56;1f468-200d-1f3a8
164,151,95;1f468-200d-1f3eb
67,87,89;1f468-200d-1f3ed
133,111,59;1f468-200d-1f466-200d-1f466
122,113,75;1f468-200d-1f466
141,109,52;1f468-200d-1f467-200d-1f466
150,107,45;1f468-200d-1f467-200d-1f467
134,112,67;1f468-200d-1f467
184,155,86;1f468-200d-1f468-200d-1f466-200d-1f466
177,159,100;1f468-200d-1f468-200d-1f466
191,151,76;1f468-200d-1f468-200d-1f467-200d-1f466
199,148,67;1f468-200d-1f468-200d-1f467-200d-1f467
188,155,87;1f468-200d-1f468-200d-1f467
196,157,86;1f468-200d-1f469-200d-1f466-200d-1f466
191,157,99;1f468-200d-1f469-200d-1f466
203,154,77;1f468-200d-1f469-200d-1f467-200d-1f466
209,151,68;1f468-200d-1f469-200d-1f467-200d-1f467
200,154,87;1f468-200d-1f469-200d-1f467
121,113,76;1f468-200d-1f4bb
169,162,134;1f468-200d-1f4bc
83,90,78;1f468-200d-1f527
131,117,95;1f468-200d-1f52c
122,100,62;1f468-200d-1f680
116,70,44;1f468-200d-1f692
28,33,25;1f468-200d-1f9af
138,95,41;1f468-200d-1f9b0
152,115,43;1f468-200d-1f9b1
117,98,42;1f468-200d-1f9b2
137,123,81;1f468-200d-1f9b3
46,39,36;1f468-200d-1f9bc
41,40,35;1f468-200d-1f9bd
91,84,56;1f468-200d-2695-fe0f
76,68,46;1f468-200d-2696-fe0f
104,95,67;1f468-200d-2708-fe0f
154,119,83;1f468-200d-2764-fe0f-200d-1f468
169,113,50;1f468-200d-2764-fe0f-200d-1f48b-200d-1f468
163,126,47;1f468
92,84,71;1f469-1f3fb-200d-1f33e
136,128,127;1f469-1f3fb-200d-1f373
70,65,72;1f469-1f3fb-200d-1f37c
142,109,108;1f469-1f3fb-200d-1f384
69,63,62;1f469-1f3fb-200d-1f393
112,83,97;1f469-1f3fb-200d-1f3a4
96,82,83;1f469-1f3fb-200d-1f3a8
123,116,110;1f469-1f3fb-200d-1f3eb
62,84,101;1f469-1f3fb-200d-1f3ed
100,96,105;1f469-1f3fb-200d-1f4bb
134,145,150;1f469-1f3fb-200d-1f4bc
78,89,100;1f469-1f3fb-200d-1f527
104,101,107;1f469-1f3fb-200d-1f52c
94,85,79;1f469-1f3fb-200d-1f680
108,66,59;1f469-1f3fb-200d-1f692
97,83,74;1f469-1f3fb-200d-1f91d-200d-1f468-1f3fc
89,71,72;1f469-1f3fb-200d-1f91d-200d-1f468-1f3fd
84,67,69;1f469-1f3fb-200d-1f91d-200d-1f468-1f3fe
75,61,65;1f469-1f3fb-200d-1f91d-200d-1f468-1f3ff
109,83,74;1f469-1f3fb-200d-1f91d-200d-1f469-1f3fc
98,67,71;1f469-1f3fb-200d-1f91d-200d-1f469-1f3fd
91,62,67;1f469-1f3fb-200d-1f91d-200d-1f469-1f3fe
79,54,61;1f469-1f3fb-200d-1f91d-200d-1f469-1f3ff
25,26,36;1f469-1f3fb-200d-1f9af
169,101,74;1f469-1f3fb-200d-1f9b0
85,78,76;1f469-1f3fb-200d-1f9b1
112,97,90;1f469-1f3fb-200d-1f9b2
166,158,155;1f469-1f3fb-200d-1f9b3
43,35,42;1f469-1f3fb-200d-1f9bc
38,35,43;1f469-1f3fb-200d-1f9bd
64,68,74;1f469-1f3fb-200d-2695-fe0f
75,68,66;1f469-1f3fb-200d-2696-fe0f
93,89,84;1f469-1f3fb-200d-2708-fe0f
90,82,79;1f469-1f3fb
106,95,63;1f469-1f3fc-200d-1f33e
152,140,119;1f469-1f3fc-200d-1f373
96,86,64;1f469-1f3fc-200d-1f37c
141,106,98;1f469-1f3fc-200d-1f384
90,79,53;1f469-1f3fc-200d-1f393
111,81,91;1f469-1f3fc-200d-1f3a4
124,104,74;1f469-1f3fc-200d-1f3a8
162,148,99;1f469-1f3fc-200d-1f3eb
78,97,96;1f469-1f3fc-200d-1f3ed
138,127,95;1f469-1f3fc-200d-1f4bb
172,176,139;1f469-1f3fc-200d-1f4bc
97,104,91;1f469-1f3fc-200d-1f527
142,132,99;1f469-1f3fc-200d-1f52c
135,119,69;1f469-1f3fc-200d-1f680
126,81,52;1f469-1f3fc-200d-1f692
105,89,72;1f469-1f3fc-200d-1f91d-200d-1f468-1f3fb
108,86,66;1f469-1f3fc-200d-1f91d-200d-1f468-1f3fd
102,82,63;1f469-1f3fc-200d-1f91d-200d-1f468-1f3fe
94,76,59;1f469-1f3fc-200d-1f91d-200d-1f468-1f3ff
113,87,74;1f469-1f3fc-200d-1f91d-200d-1f469-1f3fb
117,82,65;1f469-1f3fc-200d-1f91d-200d-1f469-1f3fd
109,77,60;1f469-1f3fc-200d-1f91d-200d-1f469-1f3fe
98,69,55;1f469-1f3fc-200d-1f91d-200d-1f469-1f3ff
31,32,34;1f469-1f3fc-200d-1f9af
168,98,62;1f469-1f3fc-200d-1f9b0
183,159,55;1f469-1f3fc-200d-1f9b1
110,92,71;1f469-1f3fc-200d-1f9b2
165,154,143;1f469-1f3fc-200d-1f9b3
48,38,40;1f469-1f3fc-200d-1f9bc
43,39,41;1f469-1f3fc-200d-1f9bd
102,99,63;1f469-1f3fc-200d-2695-fe0f
75,66,59;1f469-1f3fc-200d-2696-fe0f
118,109,75;1f469-1f3fc-200d-2708-fe0f
177,153,58;1f469-1f3fc
95,77,60;1f469-1f3fd-200d-1f33e
139,121,116;1f469-1f3fd-200d-1f373
79,60,62;1f469-1f3fd-200d-1f37c
134,97,91;1f469-1f3fd-200d-1f384
74,56,49;1f469-1f3fd-200d-1f393
107,76,88;1f469-1f3fd-200d-1f3a4
106,76,70;1f469-1f3fd-200d-1f3a8
138,111,96;1f469-1f3fd-200d-1f3eb
67,81,94;1f469-1f3fd-200d-1f3ed
115,91,92;1f469-1f3fd-200d-1f4bb
148,139,136;1f469-1f3fd-200d-1f4bc
82,82,87;1f469-1f3fd-200d-1f527
120,97,96;1f469-1f3fd-200d-1f52c
110,80,66;1f469-1f3fd-200d-1f680
113,61,49;1f469-1f3fd-200d-1f692
93,70,70;1f469-1f3fd-200d-1f91d-200d-1f468-1f3fb
103,79,66;1f469-1f3fd-200d-1f91d-200d-1f468-1f3fc
90,63,61;1f469-1f3fd-200d-1f91d-200d-1f468-1f3fe
81,57,56;1f469-1f3fd-200d-1f91d-200d-1f468-1f3ff
101,68,71;1f469-1f3fd-200d-1f91d-200d-1f469-1f3fb
115,79,65;1f469-1f3fd-200d-1f91d-200d-1f469-1f3fc
97,58,58;1f469-1f3fd-200d-1f91d-200d-1f469-1f3fe
85,50,52;1f469-1f3fd-200d-1f91d-200d-1f469-1f3ff
27,25,33;1f469-1f3fd-200d-1f9af
160,87,55;1f469-1f3fd-200d-1f9b0
127,71,50;1f469-1f3fd-200d-1f9b1
97,76,60;1f469-1f3fd-200d-1f9b2
156,144,136;1f469-1f3fd-200d-1f9b3
44,33,40;1f469-1f3fd-200d-1f9bc
40,33,40;1f469-1f3fd-200d-1f9bd
59,60,62;1f469-1f3fd-200d-2695-fe0f
70,60,55;1f469-1f3fd-200d-2696-fe0f
102,83,72;1f469-1f3fd-200d-2708-fe0f
126,73,52;1f469-1f3fd
85,71,54;1f469-1f3fe-200d-1f33e
129,115,109;1f469-1f3fe-200d-1f373
68,54,56;1f469-1f3fe-200d-1f37c
124,86,79;1f469-1f3fe-200d-1f384
63,48,43;1f469-1f3fe-200d-1f393
102,71,82;1f469-1f3fe-200d-1f3a4
93,69,64;1f469-1f3fe-200d-1f3a8
122,103,90;1f469-1f3fe-200d-1f3eb
60,76,90;1f469-1f3fe-200d-1f3ed
100,83,86;1f469-1f3fe-200d-1f4bb
132,130,129;1f469-1f3fe-200d-1f4bc
71,74,80;1f469-1f3fe-200d-1f527
106,91,93;1f469-1f3fe-200d-1f52c
94,73,61;1f469-1f3fe-200d-1f680
103,54,43;1f469-1f3fe-200d-1f692
84,65,66;1f469-1f3fe-200d-1f91d-200d-1f468-1f3fb
95,74,61;1f469-1f3fe-200d-1f91d-200d-1f468-1f3fc
87,62,60;1f469-1f3fe-200d-1f91d-200d-1f468-1f3fd
72,52,52;1f469-1f3fe-200d-1f91d-200d-1f468-1f3ff
92,63,67;1f469-1f3fe-200d-1f91d-200d-1f469-1f3fb
106,74,61;1f469-1f3fe-200d-1f91d-200d-1f469-1f3fc
96,58,58;1f469-1f3fe-200d-1f91d-200d-1f469-1f3fd
76,45,48;1f469-1f3fe-200d-1f91d-200d-1f469-1f3ff
24,24,32;1f469-1f3fe-200d-1f9af
149,75,41;1f469-1f3fe-200d-1f9b0
92,57,42;1f469-1f3fe-200d-1f9b1
80,56,39;1f469-1f3fe-200d-1f9b2
145,131,123;1f469-1f3fe-200d-1f9b3
42,32,38;1f469-1f3fe-200d-1f9bc
37,32,39;1f469-1f3fe-200d-1f9bd
62,54,53;1f469-1f3fe-200d-2695-fe0f
64,53,47;1f469-1f3fe-200d-2696-fe0f
90,76,66;1f469-1f3fe-200d-2708-fe0f
92,58,42;1f469-1f3fe
72,61,47;1f469-1f3ff-200d-1f33e
114,104,102;1f469-1f3ff-200d-1f373
51,42,48;1f469-1f3ff-200d-1f37c
110,75,73;1f469-1f3ff-200d-1f384
46,36,34;1f469-1f3ff-200d-1f393
95,65,78;1f469-1f3ff-200d-1f3a4
73,55,55;1f469-1f3ff-200d-1f3a8
98,86,78;1f469-1f3ff-200d-1f3eb
48,68,84;1f469-1f3ff-200d-1f3ed
76,67,75;1f469-1f3ff-200d-1f4bb
107,114,118;1f469-1f3ff-200d-1f4bc
54,62,71;1f469-1f3ff-200d-1f527
84,77,82;1f469-1f3ff-200d-1f52c
70,56,49;1f469-1f3ff-200d-1f680
88,44,36;1f469-1f3ff-200d-1f692
71,56,59;1f469-1f3ff-200d-1f91d-200d-1f468-1f3fb
82,65,55;1f469-1f3ff-200d-1f91d-200d-1f468-1f3fc
74,53,53;1f469-1f3ff-200d-1f91d-200d-1f468-1f3fd
68,49,50;1f469-1f3ff-200d-1f91d-200d-1f468-1f3fe
79,54,61;1f469-1f3ff-200d-1f91d-200d-1f469-1f3fb
94,65,55;1f469-1f3ff-200d-1f91d-200d-1f469-1f3fc
83,49,52;1f469-1f3ff-200d-1f91d-200d-1f469-1f3fd
75,44,47;1f469-1f3ff-200d-1f91d-200d-1f469-1f3fe
20,21,30;1f469-1f3ff-200d-1f9af
133,63,34;1f469-1f3ff-200d-1f9b0
39,22,16;1f469-1f3ff-200d-1f9b1
57,37,27;1f469-1f3ff-200d-1f9b2
130,119,115;1f469-1f3ff-200d-1f9b3
39,30,37;1f469-1f3ff-200d-1f9bc
33,29,37;1f469-1f3ff-200d-1f9bd
38,37,41;1f469-1f3ff-200d-2695-fe0f
55,45,43;1f469-1f3ff-200d-2696-fe0f
71,63,57;1f469-1f3ff-200d-2708-fe0f
42,24,18;1f469-1f3ff
108,92,55;1f469-200d-1f33e
153,137,111;1f469-200d-1f373
98,80,58;1f469-200d-1f37c
144,109,81;1f469-200d-1f384
92,75,44;1f469-200d-1f393
113,83,83;1f469-200d-1f3a4
126,98,66;1f469-200d-1f3a8
164,139,93;1f469-200d-1f3eb
79,93,91;1f469-200d-1f3ed
147,114,60;1f469-200d-1f466-200d-1f466
150,112,75;1f469-200d-1f466
154,113,53;1f469-200d-1f467-200d-1f466
161,111,46;1f469-200d-1f467-200d-1f467
160,112,67;1f469-200d-1f467
209,160,87;1f469-200d-1f469-200d-1f466-200d-1f466
206,155,98;1f469-200d-1f469-200d-1f466
214,157,78;1f469-200d-1f469-200d-1f467-200d-1f466
220,154,69;1f469-200d-1f469-200d-1f467-200d-1f467
214,153,86;1f469-200d-1f469-200d-1f467
140,118,89;1f469-200d-1f4bb
173,167,133;1f469-200d-1f4bc
99,101,81;1f469-200d-1f527
143,123,95;1f469-200d-1f52c
137,109,64;1f469-200d-1f680
127,77,45;1f469-200d-1f692
32,30,32;1f469-200d-1f9af
171,101,43;1f469-200d-1f9b0
186,135,48;1f469-200d-1f9b1
116,97,41;1f469-200d-1f9b2
168,158,124;1f469-200d-1f9b3
48,37,39;1f469-200d-1f9bc
44,38,39;1f469-200d-1f9bd
104,91,55;1f469-200d-2695-fe0f
77,68,48;1f469-200d-2696-fe0f
120,103,68;1f469-200d-2708-fe0f
173,120,80;1f469-200d-2764-fe0f-200d-1f468
190,123,82;1f469-200d-2764-fe0f-200d-1f469
191,128,55;1f469-200d-2764-fe0f-200d-1f48b-200d-1f468
202,131,54;1f469-200d-2764-fe0f-200d-1f48b-200d-1f469
181,133,48;1f469
213,164,77;1f46a
86,74,79;1f46b-1f3fb
116,98,68;1f46b-1f3fc
96,67,64;1f46b-1f3fd
81,58,56;1f46b-1f3fe
59,43,46;1f46b-1f3ff
118,92,59;1f46b
71,78,74;1f46c-1f3fb
92,95,66;1f46c-1f3fc
77,71,62;1f46c-1f3fd
66,64,56;1f46c-1f3fe
48,52,48;1f46c-1f3ff
94,90,58;1f46c
95,72,80;1f46d-1f3fb
128,98,68;1f46d-1f3fc
105,63,63;1f46d-1f3fd
88,53,54;1f46d-1f3fe
63,36,42;1f46d-1f3ff
130,91,57;1f46d
68,80,89;1f46e-1f3fb-200d-2640-fe0f
69,81,89;1f46e-1f3fb-200d-2642-fe0f
67,78,87;1f46e-1f3fb
89,97,80;1f46e-1f3fc-200d-2640-fe0f
73,83,81;1f46e-1f3fc-200d-2642-fe0f
76,85,79;1f46e-1f3fc
74,73,76;1f46e-1f3fd-200d-2640-fe0f
66,73,77;1f46e-1f3fd-200d-2642-fe0f
66,71,75;1f46e-1f3fd
62,66,70;1f46e-1f3fe-200d-2640-fe0f
57,65,69;1f46e-1f3fe-200d-2642-fe0f
57,63,67;1f46e-1f3fe
45,53,61;1f46e-1f3ff-200d-2640-fe0f
45,55,63;1f46e-1f3ff-200d-2642-fe0f
43,53,61;1f46e-1f3ff
91,93,71;1f46e-200d-2640-fe0f
75,83,70;1f46e-200d-2642-fe0f
78,84,69;1f46e
101,82,37;1f46f-200d-2640-fe0f
83,69,34;1f46f-200d-2642-fe0f
88,73,35;1f46f
162,156,153;1f470-1f3fb-200d-2640-fe0f
193,188,185;1f470-1f3fb-200d-2642-fe0f
187,182,180;1f470-1f3fb
213,197,138;1f470-1f3fc-200d-2640-fe0f
209,200,176;1f470-1f3fc-200d-2642-fe0f
210,200,170;1f470-1f3fc
180,147,133;1f470-1f3fd-200d-2640-fe0f
195,180,171;1f470-1f3fd-200d-2642-fe0f
193,174,165;1f470-1f3fd
158,135,123;1f470-1f3fe-200d-2640-fe0f
184,171,163;1f470-1f3fe-200d-2642-fe0f
180,166,157;1f470-1f3fe
125,112,106;1f470-1f3ff-200d-2640-fe0f
166,158,155;1f470-1f3ff-200d-2642-fe0f
160,151,148;1f470-1f3ff
216,186,126;1f470-200d-2640-fe0f
211,197,165;1f470-200d-2642-fe0f
212,196,160;1f470
178,157,70;1f471-1f3fb-200d-2640-fe0f
140,123,77;1f471-1f3fb-200d-2642-fe0f
158,139,75;1f471-1f3fb
177,153,58;1f471-1f3fc-200d-2640-fe0f
139,119,62;1f471-1f3fc-200d-2642-fe0f
157,136,62;1f471-1f3fc
169,143,51;1f471-1f3fd-200d-2640-fe0f
129,106,53;1f471-1f3fd-200d-2642-fe0f
147,123,53;1f471-1f3fd
158,130,37;1f471-1f3fe-200d-2640-fe0f
115,91,36;1f471-1f3fe-200d-2642-fe0f
134,109,37;1f471-1f3fe
142,118,30;1f471-1f3ff-200d-2640-fe0f
94,75,27;1f471-1f3ff-200d-2642-fe0f
115,94,29;1f471-1f3ff
181,155,38;1f471-200d-2640-fe0f
143,122,38;1f471-200d-2642-fe0f
161,137,38;1f471
111,91,79;1f472-1f3fb
110,87,66;1f472-1f3fc
102,76,59;1f472-1f3fd
90,63,45;1f472-1f3fe
72,49,37;1f472-1f3ff
114,90,47;1f472
88,75,86;1f473-1f3fb-200d-2640-fe0f
74,79,63;1f473-1f3fb-200d-2642-fe0f
126,99,88;1f473-1f3fb
87,73,78;1f473-1f3fc-200d-2640-fe0f
89,91,56;1f473-1f3fc-200d-2642-fe0f
129,100,79;1f473-1f3fc
81,66,73;1f473-1f3fd-200d-2640-fe0f
78,74,53;1f473-1f3fd-200d-2642-fe0f
121,90,74;1f473-1f3fd
74,57,63;1f473-1f3fe-200d-2640-fe0f
69,68,48;1f473-1f3fe-200d-2642-fe0f
112,81,65;1f473-1f3fe
63,48,58;1f473-1f3ff-200d-2640-fe0f
55,58,41;1f473-1f3ff-200d-2642-fe0f
99,71,59;1f473-1f3ff
89,75,64;1f473-200d-2640-fe0f
91,88,49;1f473-200d-2642-fe0f
131,101,67;1f473
156,139,129;1f474-1f3fb
154,132,105;1f474-1f3fc
137,110,90;1f474-1f3fd
114,85,63;1f474-1f3fe
83,60,48;1f474-1f3ff
160,138,66;1f474
123,112,108;1f475-1f3fb
122,108,93;1f475-1f3fc
112,95,85;1f475-1f3fd
99,80,69;1f475-1f3fe
81,65,60;1f475-1f3ff
126,111,71;1f475
151,131,120;1f476-1f3fb
148,124,95;1f476-1f3fc
131,102,80;1f476-1f3fd
108,75,52;1f476-1f3fe
72,48,36;1f476-1f3ff
157,130,56;1f476
118,105,66;1f477-1f3fb-200d-2640-fe0f
122,106,65;1f477-1f3fb-200d-2642-fe0f
120,106,66;1f477-1f3fb
134,117,58;1f477-1f3fc-200d-2640-fe0f
122,105,58;1f477-1f3fc-200d-2642-fe0f
126,109,58;1f477-1f3fc
122,98,54;1f477-1f3fd-200d-2640-fe0f
117,98,54;1f477-1f3fd-200d-2642-fe0f
118,98,54;1f477-1f3fd
112,92,48;1f477-1f3fe-200d-2640-fe0f
109,90,46;1f477-1f3fe-200d-2642-fe0f
110,90,46;1f477-1f3fe
98,81,41;1f477-1f3ff-200d-2640-fe0f
99,82,41;1f477-1f3ff-200d-2642-fe0f
97,81,40;1f477-1f3ff
136,114,49;1f477-200d-2640-fe0f
124,107,47;1f477-200d-2642-fe0f
128,109,47;1f477
98,90,87;1f478-1f3fb
176,154,67;1f478-1f3fc
129,80,61;1f478-1f3fd
98,66,51;1f478-1f3fe
51,34,28;1f478-1f3ff
180,135,56;1f478
110,54,51;1f479
132,61,67;1f47a
123,128,131;1f47b
110,111,113;1f47c-1f3fb
144,138,100;1f47c-1f3fc
120,102,95;1f47c-1f3fd
103,91,86;1f47c-1f3fe
75,72,72;1f47c-1f3ff
147,131,88;1f47c
115,121,126;1f47d
36,24,56;1f47e
134,110,174;1f47f
120,126,131;1f480
103,86,105;1f481-1f3fb-200d-2640-fe0f
80,89,98;1f481-1f3fb-200d-2642-fe0f
121,85,69;1f481-1f3fb
153,127,90;1f481-1f3fc-200d-2640-fe0f
107,110,85;1f481-1f3fc-200d-2642-fe0f
154,111,56;1f481-1f3fc
121,77,85;1f481-1f3fd-200d-2640-fe0f
86,79,79;1f481-1f3fd-200d-2642-fe0f
130,75,51;1f481-1f3fd
99,65,75;1f481-1f3fe-200d-2640-fe0f
70,67,69;1f481-1f3fe-200d-2642-fe0f
112,63,40;1f481-1f3fe
65,43,59;1f481-1f3ff-200d-2640-fe0f
45,50,57;1f481-1f3ff-200d-2642-fe0f
86,45,28;1f481-1f3ff
155,116,79;1f481-200d-2640-fe0f
110,105,72;1f481-200d-2642-fe0f
157,104,43;1f481
52,36,38;1f482-1f3fb-200d-2640-fe0f
54,37,39;1f482-1f3fb-200d-2642-fe0f
52,36,38;1f482-1f3fb
57,39,35;1f482-1f3fc-200d-2640-fe0f
54,37,36;1f482-1f3fc-200d-2642-fe0f
53,38,35;1f482-1f3fc
52,33,33;1f482-1f3fd-200d-2640-fe0f
52,34,34;1f482-1f3fd-200d-2642-fe0f
50,33,34;1f482-1f3fd
49,30,31;1f482-1f3fe-200d-2640-fe0f
48,31,31;1f482-1f3fe-200d-2642-fe0f
47,30,30;1f482-1f3fe
43,26,28;1f482-1f3ff-200d-2640-fe0f
44,27,29;1f482-1f3ff-200d-2642-fe0f
42,26,28;1f482-1f3ff
57,39,31;1f482-200d-2640-fe0f
55,37,31;1f482-200d-2642-fe0f
54,38,31;1f482
61,25,28;1f483-1f3fb
72,33,24;1f483-1f3fc
65,22,23;1f483-1f3fd
59,19,20;1f483-1f3fe
52,13,16;1f483-1f3ff
73,31,21;1f483
112,61,45;1f484
96,60,62;1f485-1f3fb
95,57,54;1f485-1f3fc
90,51,50;1f485-1f3fd
83,43,41;1f485-1f3fe
74,35,36;1f485-1f3ff
97,59,42;1f485
109,90,100;1f486-1f3fb-200d-2640-fe0f
87,89,92;1f486-1f3fb-200d-2642-fe0f
127,96,82;1f486-1f3fb
152,128,91;1f486-1f3fc-200d-2640-fe0f
107,105,82;1f486-1f3fc-200d-2642-fe0f
149,112,66;1f486-1f3fc
123,84,83;1f486-1f3fd-200d-2640-fe0f
89,78,74;1f486-1f3fd-200d-2642-fe0f
128,81,58;1f486-1f3fd
100,68,69;1f486-1f3fe-200d-2640-fe0f
72,64,60;1f486-1f3fe-200d-2642-fe0f
109,66,43;1f486-1f3fe
67,44,52;1f486-1f3ff-200d-2640-fe0f
48,46,49;1f486-1f3ff-200d-2642-fe0f
81,45,30;1f486-1f3ff
156,120,72;1f486-200d-2640-fe0f
110,102,63;1f486-200d-2642-fe0f
153,109,45;1f486
93,84,96;1f487-1f3fb-200d-2640-fe0f
79,84,89;1f487-1f3fb-200d-2642-fe0f
99,78,69;1f487-1f3fb
160,139,80;1f487-1f3fc-200d-2640-fe0f
105,104,77;1f487-1f3fc-200d-2642-fe0f
129,102,58;1f487-1f3fc
121,78,77;1f487-1f3fd-200d-2640-fe0f
86,75,72;1f487-1f3fd-200d-2642-fe0f
108,70,54;1f487-1f3fd
97,67,70;1f487-1f3fe-200d-2640-fe0f
70,64,63;1f487-1f3fe-200d-2642-fe0f
93,61,45;1f487-1f3fe
59,43,52;1f487-1f3ff-200d-2640-fe0f
48,48,52;1f487-1f3ff-200d-2642-fe0f
69,45,34;1f487-1f3ff
162,123,74;1f487-200d-2640-fe0f
107,99,65;1f487-200d-2642-fe0f
131,96,48;1f487
72,69,75;1f488
59,34,38;1f489
126,65,40;1f48a
104,21,32;1f48b
147,123,131;1f48c
50,63,72;1f48d
57,90,116;1f48e
173,115,51;1f48f
81,70,34;1f490
185,122,65;1f491
108,55,61;1f492
127,34,39;1f493
126,26,39;1f494
101,21,31;1f495
151,46,47;1f496
153,73,85;1f497
139,51,41;1f498
60,112,153;1f499
78,115,57;1f49a
164,132,57;1f49b
110,92,139;1f49c
169,91,67;1f49d
119,33,44;1f49e
228,125,139;1f49f
45,82,111;1f4a0
100,88,59;1f4a1
46,6,11;1f4a2
36,35,34;1f4a3
13,28,40;1f4a4
85,33,27;1f4a5
51,95,130;1f4a6
36,67,92;1f4a7
112,131,145;1f4a8
126,78,66;1f4a9
138,122,113;1f4aa-1f3fb
135,116,89;1f4aa-1f3fc
118,94,75;1f4aa-1f3fd
97,69,48;1f4aa-1f3fe
68,45,34;1f4aa-1f3ff
142,121,51;1f4aa
80,61,29;1f4ab
118,140,156;1f4ac
105,123,136;1f4ad
157,103,111;1f4ae
79,10,21;1f4af
141,121,81;1f4b0
20,22,24;1f4b1
9,10,11;1f4b2
145,110,58;1f4b3
204,165,103;1f4b4
133,158,95;1f4b5
93,133,158;1f4b6
162,136,171;1f4b7
106,120,90;1f4b8
150,194,125;1f4b9
59,88,110;1f4ba
102,134,158;1f4bb
125,65,27;1f4bc
173,155,113;1f4bd
126,137,146;1f4be
127,137,145;1f4bf
196,163,97;1f4c0
49,106,149;1f4c1
47,104,148;1f4c2
169,178,183;1f4c3
151,160,166;1f4c4
206,161,172;1f4c5
144,118,125;1f4c6
113,128,138;1f4c7
190,167,175;1f4c8
163,184,200;1f4c9
160,171,177;1f4ca
148,133,130;1f4cb
83,22,31;1f4cc
44,17,21;1f4cd
35,39,42;1f4ce
97,79,31;1f4cf
129,103,39;1f4d0
149,154,167;1f4d1
211,165,77;1f4d2
111,120,126;1f4d3
190,140,121;1f4d4
183,52,71;1f4d5
116,130,139;1f4d6
104,150,80;1f4d7
79,143,192;1f4d8
223,154,56;1f4d9
142,138,146;1f4da
169,81,93;1f4db
186,150,95;1f4dc
167,164,154;1f4dd
17,19,21;1f4de
96,110,91;1f4df
110,123,127;1f4e0
76,79,77;1f4e1
98,63,70;1f4e2
32,70,98;1f4e3
116,62,54;1f4e4
102,81,56;1f4e5
101,72,62;1f4e6
140,148,153;1f4e7
87,93,97;1f4e8
145,163,177;1f4e9
89,78,82;1f4ea
89,78,82;1f4eb
101,89,92;1f4ec
66,53,56;1f4ed
118,57,67;1f4ee
82,50,16;1f4ef
161,179,193;1f4f0
42,75,100;1f4f1
50,91,123;1f4f2
244,170,73;1f4f3
244,173,78;1f4f4
89,46,52;1f4f5
94,156,204;1f4f6
55,64,71;1f4f7
83,81,75;1f4f8
40,45,50;1f4f9
49,83,110;1f4fa
92,103,110;1f4fb
36,43,49;1f4fc
39,44,49;1f4fd
27,18,36;1f4ff
95,157,204;1f500
101,160,206;1f501
102,161,206;1f502
101,160,206;1f503
108,165,208;1f504
62,42,12;1f505
82,55,16;1f506
75,62,67;1f507
64,69,72;1f508
68,73,77;1f509
80,86,91;1f50a
103,125,93;1f50b
17,19,21;1f50c
81,94,103;1f50d
81,94,103;1f50e
100,84,57;1f50f
151,100,51;1f510
77,42,31;1f511
116,85,39;1f512
115,84,37;1f513
121,82,24;1f514
124,74,27;1f515
190,167,176;1f516
47,53,58;1f517
51,99,135;1f518
21,24,27;1f519
25,29,32;1f51a
25,28,31;1f51b
21,23,26;1f51c
16,18,20;1f51d
101,59,65;1f51e
115,169,210;1f51f
112,167,209;1f520
103,162,207;1f521
100,160,206;1f522
113,168,210;1f523
90,154,202;1f524
139,92,19;1f525
45,48,47;1f526
41,47,51;1f527
42,30,14;1f528
52,56,60;1f529
47,50,52;1f52a
61,81,41;1f52b
65,71,76;1f52c
54,30,35;1f52d
113,87,128;1f52e
182,156,219;1f52f
76,105,84;1f530
109,87,33;1f531
128,132,136;1f532
147,151,154;1f533
175,36,53;1f534
67,136,188;1f535
123,72,6;1f536
42,86,120;1f537
46,27,2;1f538
16,32,45;1f539
48,18,23;1f53a
48,18,23;1f53b
95,157,204;1f53c
95,157,204;1f53d
169,135,213;1f549
75,82,80;1f54a
59,51,34;1f54b
139,101,45;1f54c
103,105,102;1f54d
177,146,217;1f54e
151,160,166;1f550
151,160,166;1f551
151,160,166;1f552
151,160,166;1f553
151,160,166;1f554
151,160,166;1f555
151,160,166;1f556
151,160,166;1f557
151,160,166;1f558
151,160,166;1f559
151,160,166;1f55a
153,162,167;1f55b
151,160,166;1f55c
151,160,166;1f55d
151,160,166;1f55e
151,160,166;1f55f
151,160,166;1f560
153,162,168;1f561
151,160,166;1f562
151,160,166;1f563
151,160,166;1f564
151,160,166;1f565
151,160,166;1f566
151,160,166;1f567
80,72,59;1f56f
84,52,45;1f570
25,28,30;1f573
25,22,23;1f574-1f3fb-200d-2640-fe0f
20,22,23;1f574-1f3fb-200d-2642-fe0f
19,20,21;1f574-1f3fb
32,28,20;1f574-1f3fc-200d-2640-fe0f
20,21,22;1f574-1f3fc-200d-2642-fe0f
20,21,21;1f574-1f3fc
27,21,20;1f574-1f3fd-200d-2640-fe0f
19,21,22;1f574-1f3fd-200d-2642-fe0f
19,20,20;1f574-1f3fd
24,19,18;1f574-1f3fe-200d-2640-fe0f
18,20,20;1f574-1f3fe-200d-2642-fe0f
18,19,19;1f574-1f3fe
18,15,15;1f574-1f3ff-200d-2640-fe0f
17,19,20;1f574-1f3ff-200d-2642-fe0f
17,18,19;1f574-1f3ff
33,27,18;1f574-fe0f-200d-2640-fe0f
20,22,21;1f574-fe0f-200d-2642-fe0f
20,21,19;1f574
63,69,73;1f575-1f3fb-200d-2640-fe0f
62,68,72;1f575-1f3fb-200d-2642-fe0f
60,66,70;1f575-1f3fb
69,74,70;1f575-1f3fc-200d-2640-fe0f
62,68,69;1f575-1f3fc-200d-2642-fe0f
63,69,68;1f575-1f3fc
64,67,69;1f575-1f3fd-200d-2640-fe0f
60,65,68;1f575-1f3fd-200d-2642-fe0f
60,64,67;1f575-1f3fd
61,64,67;1f575-1f3fe-200d-2640-fe0f
58,63,66;1f575-1f3fe-200d-2642-fe0f
58,62,65;1f575-1f3fe
55,60,64;1f575-1f3ff-200d-2640-fe0f
55,60,64;1f575-1f3ff-200d-2642-fe0f
54,60,64;1f575-1f3ff
70,73,67;1f575-fe0f-200d-2640-fe0f
63,68,66;1f575-fe0f-200d-2642-fe0f
64,68,66;1f575
10,11,13;1f576
16,18,20;1f577
26,29,32;1f578
36,26,30;1f579
22,17,18;1f57a-1f3fb
25,20,16;1f57a-1f3fc
23,16,16;1f57a-1f3fd
21,14,14;1f57a-1f3fe
18,12,13;1f57a-1f3ff
26,19,15;1f57a
52,58,62;1f587
32,28,20;1f58a
28,31,34;1f58b
27,33,44;1f58c
74,22,29;1f58d
117,104,97;1f590-1f3fb
115,99,76;1f590-1f3fc
101,80,64;1f590-1f3fd
82,59,41;1f590-1f3fe
58,39,29;1f590-1f3ff
121,103,43;1f590
96,86,79;1f595-1f3fb
94,81,62;1f595-1f3fc
82,66,52;1f595-1f3fd
68,48,33;1f595-1f3fe
48,32,24;1f595-1f3ff
99,85,36;1f595
128,114,106;1f596-1f3fb
126,108,83;1f596-1f3fc
110,88,69;1f596-1f3fd
90,65,44;1f596-1f3fe
63,42,31;1f596-1f3ff
133,112,47;1f596
31,35,39;1f5a4
144,180,208;1f5a5
98,125,147;1f5a8
80,89,95;1f5b1
81,78,103;1f5b2
119,106,109;1f5bc
184,164,125;1f5c2
136,141,147;1f5c3
61,68,73;1f5c4
85,94,101;1f5d1
137,150,159;1f5d2
173,147,154;1f5d3
88,33,42;1f5dc
18,20,22;1f5dd
81,90,95;1f5de
61,52,43;1f5e1
25,55,78;1f5e3
91,131,160;1f5e8
84,89,93;1f5ef
107,134,146;1f5f3
93,133,143;1f5fa
56,60,64;1f5fb
54,23,27;1f5fc
60,155,159;1f5fd
126,189,222;1f5fe
106,114,119;1f5ff
178,142,54;1f600
180,145,57;1f601
157,142,82;1f602
174,139,53;1f603
179,143,55;1f604
169,143,69;1f605
174,139,53;1f606
181,157,80;1f607
135,110,174;1f608
186,147,53;1f609
190,141,63;1f60a
192,146,58;1f60b
186,148,53;1f60c
188,111,54;1f60d
152,124,52;1f60e
188,149,54;1f60f
191,152,55;1f610
194,154,57;1f611
187,148,53;1f612
184,154,70;1f613
189,150,54;1f614
192,153,56;1f615
180,142,49;1f616
191,152,55;1f617
186,139,52;1f618
192,153,56;1f619
189,140,62;1f61a
185,136,59;1f61b
185,141,75;1f61c
182,133,58;1f61d
192,152,56;1f61e
185,147,52;1f61f
186,147,53;1f620
154,37,54;1f621
175,146,66;1f622
180,142,50;1f623
197,166,88;1f624
180,150,68;1f625
190,151,55;1f626
185,147,52;1f627
169,151,94;1f628
173,138,52;1f629
186,154,66;1f62a
173,137,48;1f62b
177,142,58;1f62c
168,149,86;1f62d
187,148,53;1f62e
186,147,52;1f62f
163,155,109;1f630
178,159,113;1f631
180,143,53;1f632
186,146,84;1f633
179,147,63;1f634
177,140,48;1f635
195,155,57;1f636
194,169,103;1f637
181,146,68;1f638
171,148,87;1f639
186,149,69;1f63a
189,114,69;1f63b
192,152,64;1f63c
192,152,64;1f63d
190,151,64;1f63e
177,149,79;1f63f
199,159,85;1f640
190,151,55;1f641
190,151,55;1f642
189,150,54;1f643
192,159,78;1f644
94,78,103;1f645-1f3fb-200d-2640-fe0f
69,83,96;1f645-1f3fb-200d-2642-fe0f
121,78,60;1f645-1f3fb
137,113,91;1f645-1f3fc-200d-2640-fe0f
95,105,86;1f645-1f3fc-200d-2642-fe0f
153,104,49;1f645-1f3fc
110,71,87;1f645-1f3fd-200d-2640-fe0f
76,76,82;1f645-1f3fd-200d-2642-fe0f
132,71,45;1f645-1f3fd
92,62,80;1f645-1f3fe-200d-2640-fe0f
62,67,74;1f645-1f3fe-200d-2642-fe0f
116,62,37;1f645-1f3fe
64,43,66;1f645-1f3ff-200d-2640-fe0f
41,52,63;1f645-1f3ff-200d-2642-fe0f
93,46,26;1f645-1f3ff
139,103,83;1f645-200d-2640-fe0f
97,98,73;1f645-200d-2642-fe0f
156,97,40;1f645
124,101,134;1f646-1f3fb-200d-2640-fe0f
93,113,130;1f646-1f3fb-200d-2642-fe0f
161,104,80;1f646-1f3fb
164,133,119;1f646-1f3fc-200d-2640-fe0f
115,129,117;1f646-1f3fc-200d-2642-fe0f
186,123,67;1f646-1f3fc
137,91,114;1f646-1f3fd-200d-2640-fe0f
96,102,112;1f646-1f3fd-200d-2642-fe0f
166,93,61;1f646-1f3fd
117,79,103;1f646-1f3fe-200d-2640-fe0f
80,90,100;1f646-1f3fe-200d-2642-fe0f
150,81,50;1f646-1f3fe
88,59,89;1f646-1f3ff-200d-2640-fe0f
57,73,89;1f646-1f3ff-200d-2642-fe0f
125,64,38;1f646-1f3ff
167,125,106;1f646-200d-2640-fe0f
118,126,103;1f646-200d-2642-fe0f
189,118,52;1f646
98,87,108;1f647-1f3fb-200d-2640-fe0f
85,97,107;1f647-1f3fb-200d-2642-fe0f
124,93,81;1f647-1f3fb
143,124,94;1f647-1f3fc-200d-2640-fe0f
111,117,94;1f647-1f3fc-200d-2642-fe0f
160,121,67;1f647-1f3fc
114,79,89;1f647-1f3fd-200d-2640-fe0f
90,86,88;1f647-1f3fd-200d-2642-fe0f
134,83,61;1f647-1f3fd
94,68,80;1f647-1f3fe-200d-2640-fe0f
74,74,77;1f647-1f3fe-200d-2642-fe0f
116,71,50;1f647-1f3fe
64,47,65;1f647-1f3ff-200d-2640-fe0f
49,56,65;1f647-1f3ff-200d-2642-fe0f
88,51,37;1f647-1f3ff
146,114,83;1f647-200d-2640-fe0f
114,112,80;1f647-200d-2642-fe0f
163,114,53;1f647
140,87,69;1f648
145,93,74;1f649
138,90,73;1f64a
115,95,118;1f64b-1f3fb-200d-2640-fe0f
89,101,112;1f64b-1f3fb-200d-2642-fe0f
140,96,77;1f64b-1f3fb
154,126,103;1f64b-1f3fc-200d-2640-fe0f
111,117,98;1f64b-1f3fc-200d-2642-fe0f
165,115,63;1f64b-1f3fc
126,84,97;1f64b-1f3fd-200d-2640-fe0f
92,89,92;1f64b-1f3fd-200d-2642-fe0f
144,84,57;1f64b-1f3fd
106,71,86;1f64b-1f3fe-200d-2640-fe0f
76,77,80;1f64b-1f3fe-200d-2642-fe0f
127,71,45;1f64b-1f3fe
76,50,71;1f64b-1f3ff-200d-2640-fe0f
51,59,68;1f64b-1f3ff-200d-2642-fe0f
102,53,33;1f64b-1f3ff
157,118,89;1f64b-200d-2640-fe0f
115,114,83;1f64b-200d-2642-fe0f
169,111,48;1f64b
121,111,105;1f64c-1f3fb
118,105,84;1f64c-1f3fc
104,86,72;1f64c-1f3fd
86,65,48;1f64c-1f3fe
61,44,36;1f64c-1f3ff
125,110,51;1f64c
85,73,86;1f64d-1f3fb-200d-2640-fe0f
68,74,79;1f64d-1f3fb-200d-2642-fe0f
97,70,59;1f64d-1f3fb
139,117,72;1f64d-1f3fc-200d-2640-fe0f
95,95,68;1f64d-1f3fc-200d-2642-fe0f
131,97,47;1f64d-1f3fc
106,66,68;1f64d-1f3fd-200d-2640-fe0f
75,65,63;1f64d-1f3fd-200d-2642-fe0f
108,62,42;1f64d-1f3fd
85,56,61;1f64d-1f3fe-200d-2640-fe0f
60,55,54;1f64d-1f3fe-200d-2642-fe0f
91,52,34;1f64d-1f3fe
52,33,44;1f64d-1f3ff-200d-2640-fe0f
37,39,43;1f64d-1f3ff-200d-2642-fe0f
66,35,22;1f64d-1f3ff
142,105,64;1f64d-200d-2640-fe0f
97,89,56;1f64d-200d-2642-fe0f
133,90,37;1f64d
85,74,87;1f64e-1f3fb-200d-2640-fe0f
68,74,80;1f64e-1f3fb-200d-2642-fe0f
98,71,59;1f64e-1f3fb
140,118,73;1f64e-1f3fc-200d-2640-fe0f
95,95,68;1f64e-1f3fc-200d-2642-fe0f
131,98,47;1f64e-1f3fc
106,67,68;1f64e-1f3fd-200d-2640-fe0f
75,65,63;1f64e-1f3fd-200d-2642-fe0f
108,63,43;1f64e-1f3fd
85,56,61;1f64e-1f3fe-200d-2640-fe0f
60,55,54;1f64e-1f3fe-200d-2642-fe0f
92,52,34;1f64e-1f3fe
51,34,44;1f64e-1f3ff-200d-2640-fe0f
37,39,43;1f64e-1f3ff-200d-2642-fe0f
66,35,22;1f64e-1f3ff
142,106,64;1f64e-200d-2640-fe0f
97,90,57;1f64e-200d-2642-fe0f
133,91,37;1f64e
99,103,108;1f64f-1f3fb
97,99,94;1f64f-1f3fc
87,86,85;1f64f-1f3fd
73,70,67;1f64f-1f3fe
55,55,59;1f64f-1f3ff
102,103,70;1f64f
65,60,72;1f680
93,92,68;1f681
90,57,59;1f682
98,105,78;1f683
73,96,114;1f684
97,119,135;1f685
110,114,116;1f686
71,63,71;1f687
109,104,93;1f688
81,88,87;1f689
72,81,79;1f68a
141,102,120;1f68b
68,80,90;1f68c
123,128,119;1f68d
86,106,96;1f68e
42,28,27;1f68f
101,120,134;1f690
118,108,117;1f691
118,65,76;1f692
53,61,67;1f693
84,100,114;1f694
83,71,39;1f695
136,126,83;1f696
79,32,40;1f697
67,103,126;1f698
39,68,90;1f699
119,99,94;1f69a
83,99,65;1f69b
67,76,48;1f69c
108,122,121;1f69d
146,154,133;1f69e
118,107,84;1f69f
72,96,108;1f6a0
79,56,69;1f6a1
90,101,115;1f6a2
64,82,99;1f6a3-1f3fb-200d-2640-fe0f
64,84,96;1f6a3-1f3fb-200d-2642-fe0f
67,82,96;1f6a3-1f3fb
67,84,98;1f6a3-1f3fc-200d-2640-fe0f
66,85,96;1f6a3-1f3fc-200d-2642-fe0f
69,84,95;1f6a3-1f3fc
65,82,98;1f6a3-1f3fd-200d-2640-fe0f
64,83,95;1f6a3-1f3fd-200d-2642-fe0f
67,82,95;1f6a3-1f3fd
64,81,98;1f6a3-1f3fe-200d-2640-fe0f
64,83,95;1f6a3-1f3fe-200d-2642-fe0f
67,81,94;1f6a3-1f3fe
63,80,97;1f6a3-1f3ff-200d-2640-fe0f
62,82,94;1f6a3-1f3ff-200d-2642-fe0f
65,80,94;1f6a3-1f3ff
67,83,98;1f6a3-200d-2640-fe0f
66,85,95;1f6a3-200d-2642-fe0f
69,83,94;1f6a3
70,83,98;1f6a4
42,37,31;1f6a5
42,37,31;1f6a6
83,75,47;1f6a7
174,82,97;1f6a8
52,18,23;1f6a9
109,59,45;1f6aa
110,23,34;1f6ab
57,54,54;1f6ac
81,38,44;1f6ad
103,162,207;1f6ae
95,52,58;1f6af
84,136,175;1f6b0
88,45,51;1f6b1
38,15,19;1f6b2
100,57,62;1f6b3
59,38,41;1f6b4-1f3fb-200d-2640-fe0f
40,49,56;1f6b4-1f3fb-200d-2642-fe0f
61,45,39;1f6b4-1f3fb
61,40,39;1f6b4-1f3fc-200d-2640-fe0f
41,49,54;1f6b4-1f3fc-200d-2642-fe0f
62,45,36;1f6b4-1f3fc
58,35,37;1f6b4-1f3fd-200d-2640-fe0f
39,46,52;1f6b4-1f3fd-200d-2642-fe0f
60,42,35;1f6b4-1f3fd
55,33,35;1f6b4-1f3fe-200d-2640-fe0f
36,44,49;1f6b4-1f3fe-200d-2642-fe0f
57,40,32;1f6b4-1f3fe
52,30,33;1f6b4-1f3ff-200d-2640-fe0f
33,41,48;1f6b4-1f3ff-200d-2642-fe0f
54,37,30;1f6b4-1f3ff
62,40,35;1f6b4-200d-2640-fe0f
42,50,50;1f6b4-200d-2642-fe0f
63,45,32;1f6b4
116,121,83;1f6b5-1f3fb-200d-2640-fe0f
97,132,97;1f6b5-1f3fb-200d-2642-fe0f
118,127,80;1f6b5-1f3fb
118,122,80;1f6b5-1f3fc-200d-2640-fe0f
98,132,95;1f6b5-1f3fc-200d-2642-fe0f
119,128,77;1f6b5-1f3fc
115,118,78;1f6b5-1f3fd-200d-2640-fe0f
96,129,93;1f6b5-1f3fd-200d-2642-fe0f
117,125,76;1f6b5-1f3fd
113,115,76;1f6b5-1f3fe-200d-2640-fe0f
93,126,91;1f6b5-1f3fe-200d-2642-fe0f
114,122,73;1f6b5-1f3fe
109,112,74;1f6b5-1f3ff-200d-2640-fe0f
90,124,89;1f6b5-1f3ff-200d-2642-fe0f
111,119,71;1f6b5-1f3ff
119,122,76;1f6b5-200d-2640-fe0f
99,132,91;1f6b5-200d-2642-fe0f
120,128,73;1f6b5
23,25,33;1f6b6-1f3fb-200d-2640-fe0f
21,28,27;1f6b6-1f3fb-200d-2642-fe0f
26,24,25;1f6b6-1f3fb
29,30,31;1f6b6-1f3fc-200d-2640-fe0f
25,31,25;1f6b6-1f3fc-200d-2642-fe0f
31,28,23;1f6b6-1f3fc
25,23,30;1f6b6-1f3fd-200d-2640-fe0f
22,26,24;1f6b6-1f3fd-200d-2642-fe0f
27,22,22;1f6b6-1f3fd
21,21,28;1f6b6-1f3fe-200d-2640-fe0f
19,24,22;1f6b6-1f3fe-200d-2642-fe0f
25,21,20;1f6b6-1f3fe
17,18,26;1f6b6-1f3ff-200d-2640-fe0f
15,21,20;1f6b6-1f3ff-200d-2642-fe0f
21,18,18;1f6b6-1f3ff
30,29,29;1f6b6-200d-2640-fe0f
26,31,22;1f6b6-200d-2642-fe0f
31,27,21;1f6b6
80,37,43;1f6b7
87,69,26;1f6b8
71,127,168;1f6b9
235,119,136;1f6ba
127,176,214;1f6bb
244,166,64;1f6bc
106,112,116;1f6bd
81,133,173;1f6be
39,56,69;1f6bf
87,92,95;1f6c0-1f3fb
93,96,94;1f6c0-1f3fc
90,92,94;1f6c0-1f3fd
88,91,94;1f6c0-1f3fe
85,90,93;1f6c0-1f3ff
93,95,94;1f6c0
84,89,92;1f6c1
98,145,181;1f6c2
97,145,180;1f6c3
118,159,190;1f6c4
113,156,188;1f6c5
73,90,44;1f6cb
61,64,71;1f6cc-1f3fb
64,67,70;1f6cc-1f3fc
62,63,70;1f6cc-1f3fd
60,62,69;1f6cc-1f3fe
58,61,68;1f6cc-1f3ff
64,66,69;1f6cc
115,51,78;1f6cd
111,71,28;1f6ce
45,45,48;1f6cf
171,138,214;1f6d0
159,62,75;1f6d1
45,49,53;1f6d2
73,35,18;1f6d5
133,101,65;1f6d6
109,153,186;1f6d7
75,66,52;1f6e0
66,111,145;1f6e1
31,76,109;1f6e2
133,172,165;1f6e3
140,179,177;1f6e4
60,82,93;1f6e5
76,36,44;1f6e9
88,107,98;1f6eb
88,107,98;1f6ec
64,77,84;1f6f0
73,111,140;1f6f3
26,28,38;1f6f4
53,18,22;1f6f5
60,66,85;1f6f6
119,97,97;1f6f7
126,128,116;1f6f8
72,31,43;1f6f9
61,63,27;1f6fa
75,33,40;1f6fb
90,82,84;1f6fc
193,114,9;1f7e0
200,160,69;1f7e1
95,140,70;1f7e2
134,112,169;1f7e3
152,83,62;1f7e4
218,45,67;1f7e5
84,170,235;1f7e6
241,142,11;1f7e7
250,201,87;1f7e8
118,175,88;1f7e9
168,140,212;1f7ea
191,104,78;1f7eb
142,124,114;1f90c-1f3fb
139,118,91;1f90c-1f3fc
121,97,76;1f90c-1f3fd
99,70,48;1f90c-1f3fe
68,45,34;1f90c-1f3ff
148,122,52;1f90c
149,150,151;1f90d
125,68,51;1f90e
128,111,102;1f90f-1f3fb
124,105,81;1f90f-1f3fc
108,86,67;1f90f-1f3fd
89,63,43;1f90f-1f3fe
61,40,30;1f90f-1f3ff
133,108,46;1f90f
188,154,67;1f910
173,144,56;1f911
183,144,60;1f912
164,133,58;1f913
174,131,46;1f914
185,157,87;1f915
101,131,155;1f916
181,130,36;1f917
94,83,77;1f918-1f3fb
92,79,60;1f918-1f3fc
80,64,50;1f918-1f3fd
66,47,32;1f918-1f3fe
46,30,23;1f918-1f3ff
97,82,34;1f918
116,103,95;1f919-1f3fb
113,97,74;1f919-1f3fc
99,79,62;1f919-1f3fd
81,58,40;1f919-1f3fe
57,38,28;1f919-1f3ff
120,101,43;1f919
126,113,104;1f91a-1f3fb
124,106,82;1f91a-1f3fc
109,87,68;1f91a-1f3fd
89,64,44;1f91a-1f3fe
62,41,31;1f91a-1f3ff
131,111,47;1f91a
114,101,93;1f91b-1f3fb
112,96,73;1f91b-1f3fc
98,78,61;1f91b-1f3fd
80,57,39;1f91b-1f3fe
56,37,28;1f91b-1f3ff
118,99,42;1f91b
114,101,94;1f91c-1f3fb
112,96,74;1f91c-1f3fc
98,78,62;1f91c-1f3fd
80,57,39;1f91c-1f3fe
56,37,28;1f91c-1f3ff
118,100,42;1f91c
108,89,36;1f91d
88,78,71;1f91e-1f3fb
86,73,56;1f91e-1f3fc
75,60,47;1f91e-1f3fd
61,44,30;1f91e-1f3fe
43,28,21;1f91e-1f3ff
91,76,32;1f91e
126,112,104;1f91f-1f3fb
123,106,81;1f91f-1f3fc
108,86,68;1f91f-1f3fd
88,63,43;1f91f-1f3fe
62,41,31;1f91f-1f3ff
130,110,47;1f91f
124,95,27;1f920
190,157,137;1f921
87,131,63;1f922
150,135,86;1f923
185,149,59;1f924
154,118,39;1f925
87,72,92;1f926-1f3fb-200d-2640-fe0f
66,76,86;1f926-1f3fb-200d-2642-fe0f
106,71,57;1f926-1f3fb
132,110,80;1f926-1f3fc-200d-2640-fe0f
87,93,76;1f926-1f3fc-200d-2642-fe0f
135,94,46;1f926-1f3fc
104,66,76;1f926-1f3fd-200d-2640-fe0f
71,68,71;1f926-1f3fd-200d-2642-fe0f
115,64,42;1f926-1f3fd
85,57,69;1f926-1f3fe-200d-2640-fe0f
58,59,63;1f926-1f3fe-200d-2642-fe0f
100,55,34;1f926-1f3fe
57,37,55;1f926-1f3ff-200d-2640-fe0f
38,45,54;1f926-1f3ff-200d-2642-fe0f
78,40,24;1f926-1f3ff
135,99,72;1f926-200d-2640-fe0f
90,88,65;1f926-200d-2642-fe0f
137,88,37;1f926
186,157,82;1f927
185,146,52;1f928
185,128,51;1f929
183,146,87;1f92a
169,129,46;1f92b
136,50,63;1f92c
177,132,40;1f92d
150,135,54;1f92e
164,135,79;1f92f
50,39,61;1f930-1f3fb
69,55,57;1f930-1f3fc
58,37,56;1f930-1f3fd
51,34,54;1f930-1f3fe
40,27,49;1f930-1f3ff
70,50,55;1f930
59,57,60;1f931-1f3fb
89,81,52;1f931-1f3fc
71,53,50;1f931-1f3fd
59,47,46;1f931-1f3fe
42,36,37;1f931-1f3ff
91,74,48;1f931
149,132,122;1f932-1f3fb
146,125,96;1f932-1f3fc
128,102,80;1f932-1f3fd
105,75,51;1f932-1f3fe
73,48,36;1f932-1f3ff
154,130,55;1f932
37,47,34;1f933-1f3fb
36,47,32;1f933-1f3fc
35,45,30;1f933-1f3fd
33,42,28;1f933-1f3fe
30,40,26;1f933-1f3ff
64,42,28;1f933
112,102,98;1f934-1f3fb
130,115,81;1f934-1f3fc
110,87,73;1f934-1f3fd
91,71,57;1f934-1f3fe
63,50,44;1f934-1f3ff
134,113,60;1f934
65,62,62;1f935-1f3fb-200d-2640-fe0f
70,66,64;1f935-1f3fb-200d-2642-fe0f
70,67,66;1f935-1f3fb
104,94,51;1f935-1f3fc-200d-2640-fe0f
90,82,55;1f935-1f3fc-200d-2642-fe0f
101,92,56;1f935-1f3fc
80,57,48;1f935-1f3fd-200d-2640-fe0f
75,59,51;1f935-1f3fd-200d-2642-fe0f
80,60,52;1f935-1f3fd
65,49,42;1f935-1f3fe-200d-2640-fe0f
62,50,43;1f935-1f3fe-200d-2642-fe0f
66,52,45;1f935-1f3fe
41,33,31;1f935-1f3ff-200d-2640-fe0f
43,37,35;1f935-1f3ff-200d-2642-fe0f
43,37,34;1f935-1f3ff
106,85,45;1f935-200d-2640-fe0f
93,78,46;1f935-200d-2642-fe0f
103,85,47;1f935
142,109,108;1f936-1f3fb
141,106,98;1f936-1f3fc
134,97,91;1f936-1f3fd
124,86,79;1f936-1f3fe
110,75,73;1f936-1f3ff
144,109,81;1f936
99,84,104;1f937-1f3fb-200d-2640-fe0f
78,88,98;1f937-1f3fb-200d-2642-fe0f
121,84,68;1f937-1f3fb
142,118,89;1f937-1f3fc-200d-2640-fe0f
105,109,85;1f937-1f3fc-200d-2642-fe0f
154,110,55;1f937-1f3fc
114,75,84;1f937-1f3fd-200d-2640-fe0f
84,78,80;1f937-1f3fd-200d-2642-fe0f
130,74,50;1f937-1f3fd
94,63,75;1f937-1f3fe-200d-2640-fe0f
68,67,69;1f937-1f3fe-200d-2642-fe0f
113,63,40;1f937-1f3fe
64,43,60;1f937-1f3ff-200d-2640-fe0f
44,50,58;1f937-1f3ff-200d-2642-fe0f
87,45,27;1f937-1f3ff
145,109,78;1f937-200d-2640-fe0f
108,104,72;1f937-200d-2642-fe0f
157,103,43;1f937
41,22,23;1f938-1f3fb-200d-2640-fe0f
26,32,37;1f938-1f3fb-200d-2642-fe0f
45,29,22;1f938-1f3fb
46,25,20;1f938-1f3fc-200d-2640-fe0f
28,33,34;1f938-1f3fc-200d-2642-fe0f
49,31,19;1f938-1f3fc
41,18,18;1f938-1f3fd-200d-2640-fe0f
24,28,32;1f938-1f3fd-200d-2642-fe0f
45,26,17;1f938-1f3fd
37,15,14;1f938-1f3fe-200d-2640-fe0f
21,25,28;1f938-1f3fe-200d-2642-fe0f
41,22,14;1f938-1f3fe
31,11,12;1f938-1f3ff-200d-2640-fe0f
16,21,25;1f938-1f3ff-200d-2642-fe0f
36,18,11;1f938-1f3ff
47,25,15;1f938-200d-2640-fe0f
29,33,28;1f938-200d-2642-fe0f
50,31,14;1f938
89,77,90;1f939-1f3fb-200d-2640-fe0f
86,88,71;1f939-1f3fb-200d-2642-fe0f
106,79,68;1f939-1f3fb
123,104,80;1f939-1f3fc-200d-2640-fe0f
101,100,62;1f939-1f3fc-200d-2642-fe0f
128,96,59;1f939-1f3fc
101,70,76;1f939-1f3fd-200d-2640-fe0f
88,80,57;1f939-1f3fd-200d-2642-fe0f
111,72,54;1f939-1f3fd
86,62,69;1f939-1f3fe-200d-2640-fe0f
76,71,49;1f939-1f3fe-200d-2642-fe0f
98,63,46;1f939-1f3fe
63,46,58;1f939-1f3ff-200d-2640-fe0f
59,59,41;1f939-1f3ff-200d-2642-fe0f
79,49,37;1f939-1f3ff
125,97,72;1f939-200d-2640-fe0f
103,97,51;1f939-200d-2642-fe0f
130,92,49;1f939
37,40,41;1f93a
87,60,42;1f93c-200d-2640-fe0f
71,71,39;1f93c-200d-2642-fe0f
87,67,35;1f93c
84,93,113;1f93d-1f3fb-200d-2640-fe0f
85,110,127;1f93d-1f3fb-200d-2642-fe0f
87,97,109;1f93d-1f3fb
83,92,108;1f93d-1f3fc-200d-2640-fe0f
84,107,118;1f93d-1f3fc-200d-2642-fe0f
87,96,105;1f93d-1f3fc
80,87,105;1f93d-1f3fd-200d-2640-fe0f
78,99,113;1f93d-1f3fd-200d-2642-fe0f
84,92,102;1f93d-1f3fd
75,82,99;1f93d-1f3fe-200d-2640-fe0f
70,90,103;1f93d-1f3fe-200d-2642-fe0f
80,88,97;1f93d-1f3fe
69,77,96;1f93d-1f3ff-200d-2640-fe0f
60,81,98;1f93d-1f3ff-200d-2642-fe0f
75,84,95;1f93d-1f3ff
85,93,100;1f93d-200d-2640-fe0f
87,109,104;1f93d-200d-2642-fe0f
88,97,98;1f93d
42,25,26;1f93e-1f3fb-200d-2640-fe0f
32,37,41;1f93e-1f3fb-200d-2642-fe0f
46,32,26;1f93e-1f3fb
46,28,22;1f93e-1f3fc-200d-2640-fe0f
35,39,37;1f93e-1f3fc-200d-2642-fe0f
49,34,21;1f93e-1f3fc
41,21,19;1f93e-1f3fd-200d-2640-fe0f
30,32,34;1f93e-1f3fd-200d-2642-fe0f
45,27,19;1f93e-1f3fd
37,16,15;1f93e-1f3fe-200d-2640-fe0f
25,27,29;1f93e-1f3fe-200d-2642-fe0f
40,23,15;1f93e-1f3fe
30,11,12;1f93e-1f3ff-200d-2640-fe0f
18,22,26;1f93e-1f3ff-200d-2642-fe0f
34,18,12;1f93e-1f3ff
48,28,16;1f93e-200d-2640-fe0f
36,39,30;1f93e-200d-2642-fe0f
50,34,15;1f93e
74,79,59;1f93f
64,50,38;1f940
179,100,90;1f941
112,99,70;1f942
104,95,79;1f943
32,36,38;1f944
110,88,94;1f945
87,81,61;1f947
70,92,108;1f948
84,71,63;1f949
120,42,55;1f94a
152,159,164;1f94b
72,62,69;1f94c
21,30,36;1f94d
176,160,62;1f94e
133,97,46;1f94f
104,65,12;1f950
80,99,56;1f951
49,74,34;1f952
85,46,46;1f953
126,91,74;1f954
88,59,9;1f955
79,61,40;1f956
97,108,86;1f957
120,88,42;1f958
137,109,71;1f959
119,104,96;1f95a
106,110,113;1f95b
107,74,60;1f95c
103,96,61;1f95d
145,107,60;1f95e
149,123,69;1f95f
159,110,47;1f960
134,121,128;1f961
25,12,9;1f962
76,35,39;1f963
88,102,118;1f964
105,92,80;1f965
42,71,24;1f966
123,68,21;1f967
107,65,10;1f968
98,57,48;1f969
134,102,45;1f96a
100,108,66;1f96b
67,99,47;1f96c
156,69,53;1f96d
104,55,14;1f96e
135,85,70;1f96f
200,135,57;1f970
170,125,36;1f971
178,149,68;1f972
178,131,71;1f973
181,143,53;1f974
157,87,108;1f975
76,133,176;1f976
30,31,32;1f977-1f3fb
30,31,30;1f977-1f3fc
28,29,29;1f977-1f3fd
27,27,27;1f977-1f3fe
24,25,26;1f977-1f3ff
30,31,27;1f977
142,114,51;1f978
187,151,69;1f97a
68,78,45;1f97b
149,155,159;1f97c
79,84,87;1f97d
58,30,24;1f97e
14,22,7;1f97f
92,9,22;1f980
129,86,47;1f981
49,34,25;1f982
52,45,41;1f983
104,101,112;1f984
93,94,90;1f985
68,63,51;1f986
57,65,69;1f987
55,63,68;1f988
101,58,37;1f989
133,79,20;1f98a
37,71,96;1f98b
72,39,30;1f98c
47,54,59;1f98d
29,48,18;1f98e
112,121,128;1f98f
79,14,23;1f990
127,78,87;1f991
78,56,17;1f992
84,89,92;1f993
98,59,46;1f994
45,68,32;1f995
75,53,36;1f996
53,33,28;1f997
66,47,39;1f998
69,50,41;1f999
76,112,95;1f99a
67,74,78;1f99b
45,59,33;1f99c
88,96,101;1f99d
74,13,21;1f99e
38,41,44;1f99f
56,86,37;1f9a0
42,45,48;1f9a1
108,111,112;1f9a2
98,54,41;1f9a3
56,56,54;1f9a4
93,76,68;1f9a5
70,61,56;1f9a6
155,97,44;1f9a7
45,48,50;1f9a8
74,34,40;1f9a9
131,110,84;1f9aa
79,39,29;1f9ab
79,38,28;1f9ac
45,51,54;1f9ad
81,62,44;1f9ae
11,10,10;1f9af
192,97,41;1f9b0
197,137,42;1f9b1
177,152,64;1f9b2
187,186,169;1f9b3
61,53,41;1f9b4
83,74,69;1f9b5-1f3fb
81,70,54;1f9b5-1f3fc
71,57,45;1f9b5-1f3fd
58,42,29;1f9b5-1f3fe
41,27,20;1f9b5-1f3ff
85,73,31;1f9b5
98,88,81;1f9b6-1f3fb
96,83,64;1f9b6-1f3fc
84,67,53;1f9b6-1f3fd
69,49,34;1f9b6-1f3fe
49,32,24;1f9b6-1f3ff
101,86,36;1f9b6
110,114,116;1f9b7
63,58,69;1f9b8-1f3fb-200d-2640-fe0f
66,65,78;1f9b8-1f3fb-200d-2642-fe0f
69,62,73;1f9b8-1f3fb
106,94,60;1f9b8-1f3fc-200d-2640-fe0f
87,82,71;1f9b8-1f3fc-200d-2642-fe0f
98,87,65;1f9b8-1f3fc
82,55,58;1f9b8-1f3fd-200d-2640-fe0f
73,60,68;1f9b8-1f3fd-200d-2642-fe0f
80,58,62;1f9b8-1f3fd
67,50,55;1f9b8-1f3fe-200d-2640-fe0f
63,55,63;1f9b8-1f3fe-200d-2642-fe0f
67,51,57;1f9b8-1f3fe
44,35,44;1f9b8-1f3ff-200d-2640-fe0f
47,44,56;1f9b8-1f3ff-200d-2642-fe0f
48,38,48;1f9b8-1f3ff
108,83,58;1f9b8-200d-2640-fe0f
88,77,65;1f9b8-200d-2642-fe0f
100,80,59;1f9b8
63,40,43;1f9b9-1f3fb-200d-2640-fe0f
72,48,50;1f9b9-1f3fb-200d-2642-fe0f
71,46,49;1f9b9-1f3fb
99,70,36;1f9b9-1f3fc-200d-2640-fe0f
95,66,43;1f9b9-1f3fc-200d-2642-fe0f
107,76,41;1f9b9-1f3fc
79,38,35;1f9b9-1f3fd-200d-2640-fe0f
80,43,40;1f9b9-1f3fd-200d-2642-fe0f
86,43,39;1f9b9-1f3fd
66,33,32;1f9b9-1f3fe-200d-2640-fe0f
69,37,36;1f9b9-1f3fe-200d-2642-fe0f
72,37,35;1f9b9-1f3fe
47,21,23;1f9b9-1f3ff-200d-2640-fe0f
54,26,28;1f9b9-1f3ff-200d-2642-fe0f
52,24,25;1f9b9-1f3ff
100,61,34;1f9b9-200d-2640-fe0f
96,61,38;1f9b9-200d-2642-fe0f
108,67,38;1f9b9
184,121,40;1f9ba
139,130,125;1f9bb-1f3fb
137,125,107;1f9bb-1f3fc
124,109,96;1f9bb-1f3fd
108,90,76;1f9bb-1f3fe
85,72,65;1f9bb-1f3ff
143,127,79;1f9bb
30,19,22;1f9bc
23,17,20;1f9bd
87,93,98;1f9be
61,59,63;1f9bf
162,114,40;1f9c0
129,118,97;1f9c1
100,104,107;1f9c2
113,89,43;1f9c3
99,103,106;1f9c4
130,111,79;1f9c5
120,68,33;1f9c6
117,86,43;1f9c7
95,87,64;1f9c8
75,51,43;1f9c9
131,154,161;1f9ca
79,80,82;1f9cb
25,26,36;1f9cd-1f3fb-200d-2640-fe0f
26,34,29;1f9cd-1f3fb-200d-2642-fe0f
35,28,27;1f9cd-1f3fb
28,28,34;1f9cd-1f3fc-200d-2640-fe0f
28,36,27;1f9cd-1f3fc-200d-2642-fe0f
38,30,25;1f9cd-1f3fc
25,24,33;1f9cd-1f3fd-200d-2640-fe0f
25,32,26;1f9cd-1f3fd-200d-2642-fe0f
35,26,24;1f9cd-1f3fd
23,22,31;1f9cd-1f3fe-200d-2640-fe0f
23,30,24;1f9cd-1f3fe-200d-2642-fe0f
33,24,22;1f9cd-1f3fe
20,20,29;1f9cd-1f3ff-200d-2640-fe0f
20,28,23;1f9cd-1f3ff-200d-2642-fe0f
29,21,20;1f9cd-1f3ff
29,28,31;1f9cd-200d-2640-fe0f
29,36,25;1f9cd-200d-2642-fe0f
39,30,22;1f9cd
28,33,43;1f9ce-1f3fb-200d-2640-fe0f
27,36,38;1f9ce-1f3fb-200d-2642-fe0f
31,32,35;1f9ce-1f3fb
36,39,40;1f9ce-1f3fc-200d-2640-fe0f
32,41,35;1f9ce-1f3fc-200d-2642-fe0f
37,36,32;1f9ce-1f3fc
30,30,39;1f9ce-1f3fd-200d-2640-fe0f
28,34,33;1f9ce-1f3fd-200d-2642-fe0f
33,30,31;1f9ce-1f3fd
26,28,36;1f9ce-1f3fe-200d-2640-fe0f
25,32,31;1f9ce-1f3fe-200d-2642-fe0f
29,27,29;1f9ce-1f3fe
20,24,34;1f9ce-1f3ff-200d-2640-fe0f
20,28,29;1f9ce-1f3ff-200d-2642-fe0f
24,24,27;1f9ce-1f3ff
36,37,37;1f9ce-200d-2640-fe0f
33,40,32;1f9ce-200d-2642-fe0f
38,35,30;1f9ce
83,71,87;1f9cf-1f3fb-200d-2640-fe0f
73,80,86;1f9cf-1f3fb-200d-2642-fe0f
109,81,70;1f9cf-1f3fb
122,102,75;1f9cf-1f3fc-200d-2640-fe0f
94,95,75;1f9cf-1f3fc-200d-2642-fe0f
142,108,56;1f9cf-1f3fc
97,63,71;1f9cf-1f3fd-200d-2640-fe0f
77,70,69;1f9cf-1f3fd-200d-2642-fe0f
118,71,51;1f9cf-1f3fd
80,54,63;1f9cf-1f3fe-200d-2640-fe0f
62,59,59;1f9cf-1f3fe-200d-2642-fe0f
100,60,40;1f9cf-1f3fe
53,36,50;1f9cf-1f3ff-200d-2640-fe0f
41,44,49;1f9cf-1f3ff-200d-2642-fe0f
72,40,27;1f9cf-1f3ff
124,94,66;1f9cf-200d-2640-fe0f
97,92,61;1f9cf-200d-2642-fe0f
145,101,43;1f9cf
173,146,75;1f9d0
94,85,72;1f9d1-1f3fb-200d-1f33e
133,125,123;1f9d1-1f3fb-200d-1f373
84,67,54;1f9d1-1f3fb-200d-1f37c
172,126,126;1f9d1-1f3fb-200d-1f384
74,64,58;1f9d1-1f3fb-200d-1f393
135,74,68;1f9d1-1f3fb-200d-1f3a4
108,87,77;1f9d1-1f3fb-200d-1f3a8
137,137,115;1f9d1-1f3fb-200d-1f3eb
65,87,103;1f9d1-1f3fb-200d-1f3ed
106,97,93;1f9d1-1f3fb-200d-1f4bb
142,149,152;1f9d1-1f3fb-200d-1f4bc
79,90,99;1f9d1-1f3fb-200d-1f527
110,106,112;1f9d1-1f3fb-200d-1f52c
100,89,83;1f9d1-1f3fb-200d-1f680
112,69,62;1f9d1-1f3fb-200d-1f692
83,78,70;1f9d1-1f3fb-200d-1f91d-200d-1f9d1-1f3fb
93,85,66;1f9d1-1f3fb-200d-1f91d-200d-1f9d1-1f3fc
85,74,64;1f9d1-1f3fb-200d-1f91d-200d-1f9d1-1f3fd
79,70,60;1f9d1-1f3fb-200d-1f91d-200d-1f9d1-1f3fe
70,63,56;1f9d1-1f3fb-200d-1f91d-200d-1f9d1-1f3ff
29,26,27;1f9d1-1f3fb-200d-1f9af
142,94,74;1f9d1-1f3fb-200d-1f9b0
88,80,76;1f9d1-1f3fb-200d-1f9b1
112,99,91;1f9d1-1f3fb-200d-1f9b2
139,131,127;1f9d1-1f3fb-200d-1f9b3
45,35,39;1f9d1-1f3fb-200d-1f9bc
41,35,38;1f9d1-1f3fb-200d-1f9bd
69,74,79;1f9d1-1f3fb-200d-2695-fe0f
82,74,72;1f9d1-1f3fb-200d-2696-fe0f
98,93,87;1f9d1-1f3fb-200d-2708-fe0f
89,81,77;1f9d1-1f3fb
98,87,65;1f9d1-1f3fc-200d-1f33e
137,127,116;1f9d1-1f3fc-200d-1f373
104,82,47;1f9d1-1f3fc-200d-1f37c
171,123,113;1f9d1-1f3fc-200d-1f384
82,70,49;1f9d1-1f3fc-200d-1f393
134,72,62;1f9d1-1f3fc-200d-1f3a4
120,96,68;1f9d1-1f3fc-200d-1f3a8
167,162,104;1f9d1-1f3fc-200d-1f3eb
69,89,97;1f9d1-1f3fc-200d-1f3ed
137,121,83;1f9d1-1f3fc-200d-1f4bb
173,173,141;1f9d1-1f3fc-200d-1f4bc
86,95,91;1f9d1-1f3fc-200d-1f527
140,131,103;1f9d1-1f3fc-200d-1f52c
130,114,72;1f9d1-1f3fc-200d-1f680
117,72,54;1f9d1-1f3fc-200d-1f692
93,85,66;1f9d1-1f3fc-200d-1f91d-200d-1f9d1-1f3fb
103,93,61;1f9d1-1f3fc-200d-1f91d-200d-1f9d1-1f3fc
95,82,59;1f9d1-1f3fc-200d-1f91d-200d-1f9d1-1f3fd
89,77,55;1f9d1-1f3fc-200d-1f91d-200d-1f9d1-1f3fe
80,71,51;1f9d1-1f3fc-200d-1f91d-200d-1f9d1-1f3ff
33,29,25;1f9d1-1f3fc-200d-1f9af
140,91,61;1f9d1-1f3fc-200d-1f9b0
147,127,57;1f9d1-1f3fc-200d-1f9b1
110,94,72;1f9d1-1f3fc-200d-1f9b2
138,128,114;1f9d1-1f3fc-200d-1f9b3
49,38,37;1f9d1-1f3fc-200d-1f9bc
45,38,36;1f9d1-1f3fc-200d-1f9bd
99,98,68;1f9d1-1f3fc-200d-2695-fe0f
81,72,64;1f9d1-1f3fc-200d-2696-fe0f
108,100,79;1f9d1-1f3fc-200d-2708-fe0f
146,127,58;1f9d1-1f3fc
91,77,61;1f9d1-1f3fd-200d-1f33e
130,117,112;1f9d1-1f3fd-200d-1f373
90,62,44;1f9d1-1f3fd-200d-1f37c
162,112,106;1f9d1-1f3fd-200d-1f384
72,56,45;1f9d1-1f3fd-200d-1f393
130,66,58;1f9d1-1f3fd-200d-1f3a4
108,79,64;1f9d1-1f3fd-200d-1f3a8
146,130,100;1f9d1-1f3fd-200d-1f3eb
64,81,95;1f9d1-1f3fd-200d-1f3ed
117,91,80;1f9d1-1f3fd-200d-1f4bb
152,142,137;1f9d1-1f3fd-200d-1f4bc
77,81,86;1f9d1-1f3fd-200d-1f527
121,102,101;1f9d1-1f3fd-200d-1f52c
110,82,68;1f9d1-1f3fd-200d-1f680
110,62,51;1f9d1-1f3fd-200d-1f692
85,74,64;1f9d1-1f3fd-200d-1f91d-200d-1f9d1-1f3fb
95,82,59;1f9d1-1f3fd-200d-1f91d-200d-1f9d1-1f3fc
88,70,57;1f9d1-1f3fd-200d-1f91d-200d-1f9d1-1f3fd
82,66,53;1f9d1-1f3fd-200d-1f91d-200d-1f9d1-1f3fe
73,60,49;1f9d1-1f3fd-200d-1f91d-200d-1f9d1-1f3ff
30,25,24;1f9d1-1f3fd-200d-1f9af
131,79,53;1f9d1-1f3fd-200d-1f9b0
108,68,50;1f9d1-1f3fd-200d-1f9b1
97,77,61;1f9d1-1f3fd-200d-1f9b2
129,116,106;1f9d1-1f3fd-200d-1f9b3
46,34,36;1f9d1-1f3fd-200d-1f9bc
42,34,35;1f9d1-1f3fd-200d-1f9bd
78,66,64;1f9d1-1f3fd-200d-2695-fe0f
76,65,59;1f9d1-1f3fd-200d-2696-fe0f
98,85,74;1f9d1-1f3fd-200d-2708-fe0f
109,69,51;1f9d1-1f3fd
84,70,53;1f9d1-1f3fe-200d-1f33e
122,110,104;1f9d1-1f3fe-200d-1f373
80,55,38;1f9d1-1f3fe-200d-1f37c
150,99,91;1f9d1-1f3fe-200d-1f384
63,48,36;1f9d1-1f3fe-200d-1f393
123,59,50;1f9d1-1f3fe-200d-1f3a4
98,70,55;1f9d1-1f3fe-200d-1f3a8
131,121,92;1f9d1-1f3fe-200d-1f3eb
58,76,89;1f9d1-1f3fe-200d-1f3ed
103,83,73;1f9d1-1f3fe-200d-1f4bb
137,132,129;1f9d1-1f3fe-200d-1f4bc
68,73,78;1f9d1-1f3fe-200d-1f527
108,95,95;1f9d1-1f3fe-200d-1f52c
95,74,61;1f9d1-1f3fe-200d-1f680
102,55,43;1f9d1-1f3fe-200d-1f692
80,70,60;1f9d1-1f3fe-200d-1f91d-200d-1f9d1-1f3fb
89,78,56;1f9d1-1f3fe-200d-1f91d-200d-1f9d1-1f3fc
82,66,54;1f9d1-1f3fe-200d-1f91d-200d-1f9d1-1f3fd
76,62,50;1f9d1-1f3fe-200d-1f91d-200d-1f9d1-1f3fe
67,56,45;1f9d1-1f3fe-200d-1f91d-200d-1f9d1-1f3ff
28,23,23;1f9d1-1f3fe-200d-1f9af
119,65,38;1f9d1-1f3fe-200d-1f9b0
81,53,38;1f9d1-1f3fe-200d-1f9b1
80,57,39;1f9d1-1f3fe-200d-1f9b2
117,102,91;1f9d1-1f3fe-200d-1f9b3
44,32,35;1f9d1-1f3fe-200d-1f9bc
40,32,34;1f9d1-1f3fe-200d-1f9bd
63,57,56;1f9d1-1f3fe-200d-2695-fe0f
69,57,50;1f9d1-1f3fe-200d-2696-fe0f
88,77,66;1f9d1-1f3fe-200d-2708-fe0f
82,54,38;1f9d1-1f3fe
72,62,48;1f9d1-1f3ff-200d-1f33e
111,101,98;1f9d1-1f3ff-200d-1f373
65,45,31;1f9d1-1f3ff-200d-1f37c
133,85,84;1f9d1-1f3ff-200d-1f384
49,37,30;1f9d1-1f3ff-200d-1f393
114,52,46;1f9d1-1f3ff-200d-1f3a4
81,59,48;1f9d1-1f3ff-200d-1f3a8
108,105,81;1f9d1-1f3ff-200d-1f3eb
49,69,85;1f9d1-1f3ff-200d-1f3ed
81,68,63;1f9d1-1f3ff-200d-1f4bb
113,116,118;1f9d1-1f3ff-200d-1f4bc
54,63,71;1f9d1-1f3ff-200d-1f527
88,81,86;1f9d1-1f3ff-200d-1f52c
72,58,50;1f9d1-1f3ff-200d-1f680
91,46,38;1f9d1-1f3ff-200d-1f692
71,64,56;1f9d1-1f3ff-200d-1f91d-200d-1f9d1-1f3fb
81,71,51;1f9d1-1f3ff-200d-1f91d-200d-1f9d1-1f3fc
73,60,49;1f9d1-1f3ff-200d-1f91d-200d-1f9d1-1f3fd
67,56,45;1f9d1-1f3ff-200d-1f91d-200d-1f9d1-1f3fe
58,50,41;1f9d1-1f3ff-200d-1f91d-200d-1f9d1-1f3ff
25,21,21;1f9d1-1f3ff-200d-1f9af
101,51,30;1f9d1-1f3ff-200d-1f9b0
40,25,18;1f9d1-1f3ff-200d-1f9b1
55,37,27;1f9d1-1f3ff-200d-1f9b2
99,88,83;1f9d1-1f3ff-200d-1f9b3
41,30,34;1f9d1-1f3ff-200d-1f9bc
37,30,32;1f9d1-1f3ff-200d-1f9bd
40,41,45;1f9d1-1f3ff-200d-2695-fe0f
58,48,45;1f9d1-1f3ff-200d-2696-fe0f
74,67,60;1f9d1-1f3ff-200d-2708-fe0f
41,26,19;1f9d1-1f3ff
100,87,55;1f9d1-200d-1f33e
139,127,105;1f9d1-200d-1f373
105,78,40;1f9d1-200d-1f37c
174,126,94;1f9d1-200d-1f384
84,69,38;1f9d1-200d-1f393
136,74,51;1f9d1-200d-1f3a4
122,94,57;1f9d1-200d-1f3a8
169,155,94;1f9d1-200d-1f3eb
71,89,90;1f9d1-200d-1f3ed
139,114,76;1f9d1-200d-1f4bb
175,167,131;1f9d1-200d-1f4bc
88,94,79;1f9d1-200d-1f527
142,124,98;1f9d1-200d-1f52c
133,107,64;1f9d1-200d-1f680
119,72,45;1f9d1-200d-1f692
105,89,52;1f9d1-200d-1f91d-200d-1f9d1
34,28,24;1f9d1-200d-1f9af
144,94,40;1f9d1-200d-1f9b0
150,114,43;1f9d1-200d-1f9b1
116,98,42;1f9d1-200d-1f9b2
142,131,93;1f9d1-200d-1f9b3
49,37,35;1f9d1-200d-1f9bc
45,37,34;1f9d1-200d-1f9bd
101,92,58;1f9d1-200d-2695-fe0f
84,74,51;1f9d1-200d-2696-fe0f
110,99,68;1f9d1-200d-2708-fe0f
150,114,43;1f9d1
73,66,62;1f9d2-1f3fb
117,101,47;1f9d2-1f3fc
88,56,41;1f9d2-1f3fd
66,43,31;1f9d2-1f3fe
33,21,15;1f9d2-1f3ff
120,92,35;1f9d2
135,126,121;1f9d3-1f3fb
134,123,109;1f9d3-1f3fc
125,112,101;1f9d3-1f3fd
114,98,86;1f9d3-1f3fe
96,85,79;1f9d3-1f3ff
138,126,89;1f9d3
75,70,68;1f9d4-1f3fb
160,141,49;1f9d4-1f3fc
111,63,45;1f9d4-1f3fd
80,51,37;1f9d4-1f3fe
32,19,14;1f9d4-1f3ff
163,120,42;1f9d4
76,57,88;1f9d5-1f3fb
75,56,83;1f9d5-1f3fc
72,51,80;1f9d5-1f3fd
67,46,74;1f9d5-1f3fe
60,40,71;1f9d5-1f3ff
77,57,75;1f9d5
119,111,113;1f9d6-1f3fb-200d-2640-fe0f
129,128,115;1f9d6-1f3fb-200d-2642-fe0f
131,109,100;1f9d6-1f3fb
160,144,99;1f9d6-1f3fc-200d-2640-fe0f
149,143,102;1f9d6-1f3fc-200d-2642-fe0f
155,129,91;1f9d6-1f3fc
132,101,93;1f9d6-1f3fd-200d-2640-fe0f
131,116,96;1f9d6-1f3fd-200d-2642-fe0f
138,103,88;1f9d6-1f3fd
113,89,83;1f9d6-1f3fe-200d-2640-fe0f
115,104,84;1f9d6-1f3fe-200d-2642-fe0f
127,96,82;1f9d6-1f3fe
83,69,69;1f9d6-1f3ff-200d-2640-fe0f
92,87,73;1f9d6-1f3ff-200d-2642-fe0f
108,84,73;1f9d6-1f3ff
163,135,86;1f9d6-200d-2640-fe0f
152,140,86;1f9d6-200d-2642-fe0f
157,123,84;1f9d6
125,123,131;1f9d7-1f3fb-200d-2640-fe0f
116,129,139;1f9d7-1f3fb-200d-2642-fe0f
127,127,129;1f9d7-1f3fb
130,127,127;1f9d7-1f3fc-200d-2640-fe0f
119,131,135;1f9d7-1f3fc-200d-2642-fe0f
130,129,126;1f9d7-1f3fc
125,120,125;1f9d7-1f3fd-200d-2640-fe0f
115,126,133;1f9d7-1f3fd-200d-2642-fe0f
126,124,124;1f9d7-1f3fd
121,116,122;1f9d7-1f3fe-200d-2640-fe0f
111,122,130;1f9d7-1f3fe-200d-2642-fe0f
122,120,121;1f9d7-1f3fe
115,112,119;1f9d7-1f3ff-200d-2640-fe0f
106,118,127;1f9d7-1f3ff-200d-2642-fe0f
117,116,118;1f9d7-1f3ff
131,126,123;1f9d7-200d-2640-fe0f
120,131,131;1f9d7-200d-2642-fe0f
131,129,121;1f9d7
65,58,68;1f9d8-1f3fb-200d-2640-fe0f
61,64,53;1f9d8-1f3fb-200d-2642-fe0f
76,59,52;1f9d8-1f3fb
82,71,58;1f9d8-1f3fc-200d-2640-fe0f
68,69,45;1f9d8-1f3fc-200d-2642-fe0f
86,66,43;1f9d8-1f3fc
68,50,54;1f9d8-1f3fd-200d-2640-fe0f
59,56,40;1f9d8-1f3fd-200d-2642-fe0f
75,50,38;1f9d8-1f3fd
57,41,46;1f9d8-1f3fe-200d-2640-fe0f
50,48,32;1f9d8-1f3fe-200d-2642-fe0f
65,42,30;1f9d8-1f3fe
40,29,38;1f9d8-1f3ff-200d-2640-fe0f
37,38,25;1f9d8-1f3ff-200d-2642-fe0f
51,31,23;1f9d8-1f3ff
85,68,48;1f9d8-200d-2640-fe0f
71,69,33;1f9d8-200d-2642-fe0f
88,65,32;1f9d8
100,83,108;1f9d9-1f3fb-200d-2640-fe0f
79,93,105;1f9d9-1f3fb-200d-2642-fe0f
123,79,61;1f9d9-1f3fb
99,81,102;1f9d9-1f3fc-200d-2640-fe0f
79,92,101;1f9d9-1f3fc-200d-2642-fe0f
123,77,54;1f9d9-1f3fc
95,76,98;1f9d9-1f3fd-200d-2640-fe0f
76,88,99;1f9d9-1f3fd-200d-2642-fe0f
118,71,50;1f9d9-1f3fd
90,69,91;1f9d9-1f3fe-200d-2640-fe0f
73,85,95;1f9d9-1f3fe-200d-2642-fe0f
113,65,43;1f9d9-1f3fe
82,63,88;1f9d9-1f3ff-200d-2640-fe0f
67,81,92;1f9d9-1f3ff-200d-2642-fe0f
104,58,39;1f9d9-1f3ff
101,82,92;1f9d9-200d-2640-fe0f
80,92,95;1f9d9-200d-2642-fe0f
125,79,44;1f9d9
107,111,107;1f9da-1f3fb-200d-2640-fe0f
102,114,108;1f9da-1f3fb-200d-2642-fe0f
124,114,112;1f9da-1f3fb
147,143,92;1f9da-1f3fc-200d-2640-fe0f
133,139,97;1f9da-1f3fc-200d-2642-fe0f
153,137,99;1f9da-1f3fc
119,100,86;1f9da-1f3fd-200d-2640-fe0f
111,106,93;1f9da-1f3fd-200d-2642-fe0f
131,104,94;1f9da-1f3fd
98,87,74;1f9da-1f3fe-200d-2640-fe0f
95,96,84;1f9da-1f3fe-200d-2642-fe0f
115,93,84;1f9da-1f3fe
68,65,59;1f9da-1f3ff-200d-2640-fe0f
71,80,73;1f9da-1f3ff-200d-2642-fe0f
89,76,72;1f9da-1f3ff
150,135,78;1f9da-200d-2640-fe0f
135,132,87;1f9da-200d-2642-fe0f
155,131,87;1f9da
81,61,61;1f9db-1f3fb-200d-2640-fe0f
87,63,63;1f9db-1f3fb-200d-2642-fe0f
90,58,59;1f9db-1f3fb
80,59,53;1f9db-1f3fc-200d-2640-fe0f
86,61,55;1f9db-1f3fc-200d-2642-fe0f
89,56,51;1f9db-1f3fc
75,52,48;1f9db-1f3fd-200d-2640-fe0f
81,53,50;1f9db-1f3fd-200d-2642-fe0f
83,48,46;1f9db-1f3fd
67,43,39;1f9db-1f3fe-200d-2640-fe0f
73,45,41;1f9db-1f3fe-200d-2642-fe0f
75,40,36;1f9db-1f3fe
56,34,34;1f9db-1f3ff-200d-2640-fe0f
62,36,36;1f9db-1f3ff-200d-2642-fe0f
65,31,32;1f9db-1f3ff
83,61,40;1f9db-200d-2640-fe0f
88,63,42;1f9db-200d-2642-fe0f
91,57,38;1f9db
65,79,62;1f9dc-1f3fb-200d-2640-fe0f
59,71,85;1f9dc-1f3fb-200d-2642-fe0f
69,65,48;1f9dc-1f3fb
65,78,56;1f9dc-1f3fc-200d-2640-fe0f
58,69,77;1f9dc-1f3fc-200d-2642-fe0f
69,64,42;1f9dc-1f3fc
60,72,52;1f9dc-1f3fd-200d-2640-fe0f
53,62,72;1f9dc-1f3fd-200d-2642-fe0f
65,59,39;1f9dc-1f3fd
55,66,45;1f9dc-1f3fe-200d-2640-fe0f
46,54,63;1f9dc-1f3fe-200d-2642-fe0f
60,54,33;1f9dc-1f3fe
47,59,41;1f9dc-1f3ff-200d-2640-fe0f
36,46,59;1f9dc-1f3ff-200d-2642-fe0f
54,48,30;1f9dc-1f3ff
66,79,46;1f9dc-200d-2640-fe0f
61,71,65;1f9dc-200d-2642-fe0f
70,65,34;1f9dc
84,64,50;1f9dd-1f3fb-200d-2640-fe0f
79,66,66;1f9dd-1f3fb-200d-2642-fe0f
100,63,51;1f9dd-1f3fb
83,62,42;1f9dd-1f3fc-200d-2640-fe0f
78,64,57;1f9dd-1f3fc-200d-2642-fe0f
99,61,42;1f9dd-1f3fc
78,54,37;1f9dd-1f3fd-200d-2640-fe0f
72,56,52;1f9dd-1f3fd-200d-2642-fe0f
93,53,37;1f9dd-1f3fd
69,50,33;1f9dd-1f3fe-200d-2640-fe0f
63,51,47;1f9dd-1f3fe-200d-2642-fe0f
86,45,28;1f9dd-1f3fe
39,30,19;1f9dd-1f3ff-200d-2640-fe0f
33,31,33;1f9dd-1f3ff-200d-2642-fe0f
74,36,23;1f9dd-1f3ff
86,63,29;1f9dd-200d-2640-fe0f
80,66,44;1f9dd-200d-2642-fe0f
102,63,29;1f9dd
57,64,76;1f9de-200d-2640-fe0f
61,73,97;1f9de-200d-2642-fe0f
78,85,106;1f9de
49,61,69;1f9df-200d-2640-fe0f
69,65,63;1f9df-200d-2642-fe0f
67,53,48;1f9df
134,83,92;1f9e0
158,93,7;1f9e1
29,71,103;1f9e2
79,14,22;1f9e3
73,82,88;1f9e4
50,106,148;1f9e5
34,63,79;1f9e6
119,36,24;1f9e7
66,29,24;1f9e8
61,90,45;1f9e9
58,87,75;1f9ea
107,81,88;1f9eb
33,34,45;1f9ec
187,155,111;1f9ed
112,89,73;1f9ee
64,29,34;1f9ef
166,53,69;1f9f0
100,52,44;1f9f1
78,27,31;1f9f2
39,71,96;1f9f3
118,88,42;1f9f4
84,52,91;1f9f5
40,88,125;1f9f6
41,46,49;1f9f7
94,49,39;1f9f8
53,42,25;1f9f9
94,56,43;1f9fa
162,166,169;1f9fb
167,129,137;1f9fc
146,105,31;1f9fd
143,152,157;1f9fe
73,80,159;1f9ff
128,81,90;1fa70
45,35,60;1fa71
28,70,99;1fa72
84,126,62;1fa73
38,59,75;1fa74
85,18,27;1fa78
112,84,72;1fa79
17,19,21;1fa7a
123,40,53;1fa80
43,73,108;1fa81
79,34,38;1fa82
69,53,45;1fa83
30,25,17;1fa84
67,54,56;1fa85
65,37,35;1fa86
94,56,10;1fa90
93,52,39;1fa91
44,59,35;1fa92
45,36,22;1fa93
96,48,20;1fa94
58,50,41;1fa95
64,60,30;1fa96
140,88,83;1fa97
83,43,29;1fa98
192,143,55;1fa99
49,43,41;1fa9a
43,16,20;1fa9b
53,29,22;1fa9c
53,40,15;1fa9d
115,101,87;1fa9e
178,187,203;1fa9f
42,23,24;1faa0
33,31,40;1faa1
36,57,73;1faa2
67,110,142;1faa3
93,44,21;1faa4
17,31,32;1faa5
125,133,134;1faa6
84,83,83;1faa7
111,118,123;1faa8
45,46,48;1fab0
84,33,46;1fab1
54,84,36;1fab2
42,16,10;1fab3
73,69,41;1fab4
65,35,25;1fab5
70,44,34;1fab6
95,33,43;1fac0
119,45,56;1fac1
43,100,142;1fac2
44,54,85;1fad0
58,89,39;1fad1
43,50,21;1fad2
157,116,80;1fad3
109,85,38;1fad4
79,42,46;1fad5
20,48,69;1fad6
50,6,13;203c
69,9,18;2049
13,14,16;2122
72,143,197;2139
98,159,205;2194
98,159,205;2195
94,156,204;2196
94,156,204;2197
94,156,204;2198
94,156,204;2199
90,154,202;21a9
90,154,202;21aa
89,153,202;23-20e3
82,86,88;231a
92,88,71;231b
64,71,76;2328
102,161,206;23cf
98,159,205;23e9
98,159,205;23ea
98,159,205;23eb
98,159,205;23ec
112,167,209;23ed
112,167,209;23ee
107,164,208;23ef
166,113,105;23f0
90,92,95;23f1
161,164,169;23f2
92,88,71;23f3
91,155,203;23f8
131,179,215;23f9
116,170,211;23fa
99,139,170;24c2
7,8,9;25aa
34,34,34;25ab
95,157,204;25b6
95,157,204;25c0
158,159,159;25fb
33,37,42;25fc
85,85,86;25fd
18,20,22;25fe
97,65,19;2600
135,140,144;2601
45,34,63;2602
94,87,86;2603
55,78,96;2604
151,44,58;260e
55,118,164;2611
48,48,80;2614
155,142,139;2615
53,79,37;2618
83,73,68;261d-1f3fb
81,69,53;261d-1f3fc
71,57,44;261d-1f3fd
58,41,28;261d-1f3fe
40,27,20;261d-1f3ff
86,72,30;261d
92,98,103;2620
174,122,52;2622
174,118,44;2623
167,133,212;2626
177,146,217;262a
175,144,216;262e
178,148,217;262f
174,142,215;2638
189,150,54;2639
188,139,62;263a
234,112,130;2640
71,127,169;2642
161,124,209;2648
163,127,210;2649
166,131,212;264a
163,127,211;264b
166,131,212;264c
169,135,213;264d
167,132,212;264e
164,128,211;264f
162,125,210;2650
163,127,211;2651
171,138,214;2652
163,127,210;2653
21,24,27;265f
26,29,33;2660
25,28,31;2663
95,12,24;2665
71,9,18;2666
70,14,21;2668
50,77,34;267b
76,133,177;267e
77,131,171;267f
83,62,33;2692
9,29,44;2693
87,81,73;2694
163,127,210;2695
76,55,23;2696
93,109,121;2697
45,51,56;2699
168,134,213;269b
62,46,85;269c
117,94,36;26a0
72,48,14;26a1
165,129,211;26a7
182,182,183;26aa
38,43,48;26ab
108,68,53;26b0
100,59,45;26b1
118,122,126;26bd
175,159,165;26be
86,75,71;26c4
147,132,108;26c5
118,119,116;26c8
166,131,212;26ce
50,36,16;26cf
100,32,39;26d1
98,103,106;26d3
161,59,73;26d4
75,22,29;26e9
90,61,41;26ea
38,47,42;26f0
104,64,53;26f1
73,98,117;26f2
61,63,33;26f3
86,106,131;26f4
99,96,82;26f5
118,128,145;26f7-1f3fb
118,128,144;26f7-1f3fc
118,127,144;26f7-1f3fd
118,127,144;26f7-1f3fe
117,127,144;26f7-1f3ff
118,128,144;26f7
108,107,109;26f8
55,32,31;26f9-1f3fb-200d-2640-fe0f
41,43,45;26f9-1f3fb-200d-2642-fe0f
59,40,30;26f9-1f3fb
63,38,26;26f9-1f3fc-200d-2640-fe0f
46,47,40;26f9-1f3fc-200d-2642-fe0f
64,44,25;26f9-1f3fc
56,28,24;26f9-1f3fd-200d-2640-fe0f
40,39,38;26f9-1f3fd-200d-2642-fe0f
58,35,23;26f9-1f3fd
50,24,20;26f9-1f3fe-200d-2640-fe0f
35,34,33;26f9-1f3fe-200d-2642-fe0f
53,31,18;26f9-1f3fe
42,18,16;26f9-1f3ff-200d-2640-fe0f
28,28,30;26f9-1f3ff-200d-2642-fe0f
46,25,15;26f9-1f3ff
64,37,21;26f9-fe0f-200d-2640-fe0f
47,46,34;26f9-fe0f-200d-2642-fe0f
65,43,19;26f9
110,76,24;26fa
129,112,90;26fd
59,35,40;2702
137,187,108;2705
64,85,100;2708
144,152,157;2709
177,158,146;270a-1f3fb
174,149,115;270a-1f3fc
152,122,96;270a-1f3fd
125,89,61;270a-1f3fe
87,58,43;270a-1f3ff
184,155,66;270a
126,112,103;270b-1f3fb
123,106,81;270b-1f3fc
108,86,68;270b-1f3fd
88,63,43;270b-1f3fe
62,41,31;270b-1f3ff
130,110,46;270b
92,82,75;270c-1f3fb
90,77,59;270c-1f3fc
79,63,50;270c-1f3fd
65,46,32;270c-1f3fe
45,30,22;270c-1f3ff
95,80,34;270c
91,87,87;270d-1f3fb
88,83,73;270d-1f3fc
78,71,64;270d-1f3fd
64,55,47;270d-1f3fe
46,40,39;270d-1f3ff
94,86,50;270d
85,67,41;270f
28,31,34;2712
12,13,15;2714
16,18,20;2716
159,121,209;271d
167,132,212;2721
76,53,17;2728
164,202,141;2733
11,13,14;2734
40,60,74;2744
151,195,126;2747
72,15,22;274c
150,194,124;274e
44,5,11;2753
47,50,51;2754
27,28,29;2755
25,3,6;2757
81,16,25;2763
143,29,44;2764
12,14,15;2795
7,7,8;2796
10,12,13;2797
91,154,203;27a1
10,12,13;27b0
62,103,134;27bf
79,147,199;2934
79,147,199;2935
92,155,203;2a-20e3
91,154,203;2b05
91,154,203;2b06
91,154,203;2b07
48,54,60;2b1b
227,228,229;2b1c
103,69,20;2b50
99,20,30;2b55
93,155,203;30-20e3
3,4,4;3030
67,53,20;303d
76,145,198;31-20e3
89,153,202;32-20e3
181,76,89;3297
182,79,92;3299
88,153,202;33-20e3
88,153,202;34-20e3
89,153,202;35-20e3
89,153,202;36-20e3
82,149,200;37-20e3
94,156,204;38-20e3
89,153,202;39-20e3
16,17,19;a9
18,20,22;ae
155,151,157;e50a
